Metabolite	Basal_Artery.stdev	Basal_Vein.stdev	Basal_Artery.std.err	Basal_Vein.std.err	Basal_Artery.mean	Basal_Vein.mean	Fold_Change	log2FoldChange	t_value	pval	padj	X112Vein_pl01_GGT3_rep1run1_291009_1	X112Vein_pl01_GGT3_rep1run2_291009_1	X112Vein_pl05_GGT3_rep1run1_291009_1	X112Vein_pl05_GGT3_rep1run2_291009_1	X112Vein_pl09_GGT3_rep1run1_291009_1	X112Vein_pl09_GGT3_rep1run2_291009_1	X112Vein_pl13_GGT3_rep1run1_291009_1	X112Vein_pl13_GGT3_rep1run2_291009_1	X112Vein_pl17_GGT3_rep1run1_291009_1	X112Vein_pl17_GGT3_rep1run2_291009_1	X112Vein_pl21_GGT3_rep1run1_291009_1	X112Vein_pl21_GGT3_rep1run2_291009_1	X112Vein_pl25_GGT3_rep1run1_291009_1	X112Vein_pl25_GGT3_rep1run2_291009_1	X112Vein_pl29_GGT3_rep1run1_291009_1	X112Vein_pl29_GGT3_rep1run2_291009_1	X112Vein_pl33_GGT3_rep1run1_291009_1	X112Vein_pl33_GGT3_rep1run2_291009_1	X112Vein_pl02_GGT3_rep1run1_291009_1	X112Vein_pl02_GGT3_rep1run2_291009_1	X112Vein_pl06_GGT3_rep1run1_291009_1	X112Vein_pl06_GGT3_rep1run2_291009_1	X112Vein_pl26_GGT3_rep1run1_291009_1	X112Vein_pl26_GGT3_rep1run2_291009_1	X112Vein_pl30_GGT3_rep1run1_291009_1	X112Vein_pl30_GGT3_rep1run2_291009_1	X112Vein_pl34_GGT3_rep1run1_291009_1	X112Vein_pl34_GGT3_rep1run2_291009_1	Diff_Exp
(2-Ethoxyethoxy)acetic acid tms	NA	NA	NA	NA	18.86556	42.63600	0.442479594708697	-1.17631716916371	55	0.081289173426397	0.327316753422017	80.57	78.47	0	0	0	35.21	14.53	0	0	0	0	59.17	0	13.72	21.57	36.34	0	0	92.92	82.81	89.65	73.62	43.47	0	15.73	28.16	0	0	NC
(2-Thioxo-2H-benzo[4,5]thiazolo[3,2-b][1,2,4]triazol-1-yl)-p-tolyl-methanone	0.174143291491028	NA	0.0410459674371504	NA	0.9188889	0.7750000	1.18566309677419	0.245694129899642	115	0.239863286428239	0.56103616147622	1.07	0.97	0.87	1.02	1.38	1	0.87	0.9	0.93	0.77	0.73	0.92	0.63	0.8	0.75	1.01	1	0.92	0.72	1.05	0.62	0.66	0.79	0.66	0.91	1.24	0	1.1	NC
(R*,R*)-2,3-Dihydroxybutanoic acid, tris(trimethylsilyl)-	0.554533389761745	0.491500494209331	0.130704773431631	0.155426103279988	72.36083	75.64400	0.956597086351859	-0.0640166977844752	87	0.906310775418327	0.992002945964773	82.855	98.24	30.135	42.81	43.515	11.325	66.285	74.2	68.92	66.665	95.455	80.91	74.36	76.935	71.45	91.54	124.035	102.86	113.625	91.785	31.13	33.12	70.435	49.63	61.27	73.66	125.82	105.965	NC
(R*,S*)-3,4-Dihydroxybutanoic acid triTMS	NA	NA	NA	NA	35.74611	36.32100	0.984171966630875	-0.023017671874515	78	0.58085323250857	0.871952948014068	36.99	32.58	46.85	56.65	41.43	38.23	27.84	27.71	61.96	61.46	30.21	28.48	34.06	33.71	0	0	42.48	42.79	40.62	38.81	62.82	58.83	33.91	31.27	0	0	47.33	49.62	NC
(S)-(+)-2-(Methoxymethyl)pyrrolidine	NA	NA	NA	NA	34.37056	22.03400	1.55988744667332	0.641441935507814	108.5	0.368689691114354	0.701781756879736	82.84	0	15.41	0	0	16.91	0	90.92	47.47	61.19	57.53	64.13	51.12	0	53.86	0	77.29	0	53.93	42.54	0	0	24.73	0	0	28	0	71.14	NC
(t-Butyldimethylsilyl)[3-methyl-3-(4-methyl-pent-3-enyl)-oxiran-2-yl]-methanone	NA	NA	NA	NA	0.6927778	0.2630000	2.634136121673	1.39732990025972	126	0.0688500588420624	0.311518299023102	0	0	0	0	1.92	1.53	0.66	0.76	1.1	0.61	0.74	0.64	0.93	0.93	1.24	1.41	0	0	0	0	1.34	1.29	0	0	0	0	0	0	NC
(Z)-Bis-1,2-(trimethylsilyloxy)ethylene	0.40751303272837	0.216734767697668	0.0960517429547086	0.0685375514072117	6.484167	5.736000	1.13043357740586	0.176876223966969	115	0.244923802360873	0.563324745430008	9.135	6.865	5.315	7.07	9.4	7.815	5.06	5.055	7.91	7.25	7.61	9.665	5.61	4.82	5.265	1.6	6.405	4.865	7.165	8.735	6.245	5.35	5.685	4.935	4.085	5.19	5.13	4.84	NC
[1-(3,3-Dimethyloxiran-2-ylmethyl)-3,7-dimethylocta-2,6-dienyl]trimethylsilane	0.131061226905237	0.111601697641964	0.0308914274317739	0.0352915555290048	77.38833	73.14500	1.05801257775651	0.0813567784529614	108	0.408140905623743	0.731473311377617	68.57	69.01	62.39	72.5	78.21	68.33	82.75	89.13	70.94	72.31	63.85	80.81	92.53	85.52	73.41	92.79	95.56	74.38	63.62	63.43	75.54	81.27	80.37	72.72	61.88	84.17	71.11	77.34	NC
*2-Butenedioic acid, 2TMS	NA	NA	NA	NA	38.23278	38.48600	0.993420464584524	-0.00952362810969065	103	0.547855910973846	0.851662956926115	0	69.15	35.85	80.19	39.48	36.91	12.53	35.93	51.24	30.83	31.48	30.61	32.32	0	35.74	34.55	40.06	91.32	0	113.1	23.02	25.48	0	0	86.06	75.93	47.26	14.01	NC
*2-Hydroxybutyric acid, 2TMS	0.609760609806064	0.276733497604729	0.143721954031437	0.0875108157295695	611.8976	531.7482	1.15072810777733	0.202546996025615	89	0.981220305247765	0.992002945964773	431.755	377.98	257.583333333333	304.246666666667	480.901666666667	629.148333333333	609.628333333333	265.515	621.523333333333	636.513333333333	284.6	1912.51666666667	161.155	1408.82833333333	455.213333333333	585.45	824.48	767.118333333333	450.635	502.195	505.841666666667	566.688333333333	335.393333333333	349.661666666667	505.511666666667	566.983333333333	768.023333333333	766.548333333333	NC
*2-Oxobutanoic acid, TMS	NA	NA	NA	NA	49.32167	90.32900	0.546022539826634	-0.87296758801893	81	0.678577311577724	0.872040754995849	76.54	0	29.2	26.69	136.12	106.84	0	33.66	39.48	53.88	107.08	100.29	0	0	82.7	0	39.88	55.43	149.54	0	0	17.24	149.59	73.41	253.79	259.72	0	0	NC
*3-Hydroxybenzoic acid, 2TMS	NA	NA	NA	NA	5.142222	4.187000	1.22813995700979	0.296474977465862	115.5	0.230022140046202	0.552053136110884	6.57	4.44	3.68	3.81	5.81	5.11	5.79	9.36	6.92	0	0	0	7.69	7	6.03	5.19	7.56	7.6	7.93	5.33	2.86	3.06	0	4.29	2.56	4.19	5.45	6.2	NC
*3-Hydroxybutyric acid, 2TMS	NA	NA	NA	NA	58.06611	37.13767	1.56353670006761	0.644813083275833	132	0.0464959851088035	0.256657837800596	69.2733333333333	75.5933333333333	5.92	60.6166666666667	62.3366666666667	68.5966666666667	65.6	65.5	0	2.07666666666667	63.43	73.4	53.84	55.8666666666667	67.8433333333333	80.7633333333333	130.11	44.4233333333333	61.0266666666667	61.75	0	0	33.3066666666667	29.2966666666667	16.8833333333333	47.3933333333333	10.4133333333333	111.306666666667	NC
*3-Hydroxyphenylacetic acid, 2TMS	NA	NA	NA	NA	11.00389	 3.18600	3.45382611424984	1.78819545101266	101	0.606411111428887	0.872040754995849	0	0	0	0	0	0	6.67	3.12	70.95	76.87	3.03	2.73	7.09	2.4	6.93	7.58	3.17	7.53	0	0	0	0	2.56	6.49	6.73	7.57	4.59	3.92	NC
*3-Hydroxyphenylpropionic acid, 2TMS	NA	NA	NA	NA	3.533889	0.390000	9.06125384615384	3.17971069623933	108	0.292750772369909	0.626350489721665	0	0	0	0	0	0	14.82	15.39	5.89	6.29	10.39	10.83	0	0	0	0	0	0	0	0	2.02	1.88	0	0	0	0	0	0	NC
*3-Methoxytyramine, TMS	0.190385855008788	0.353714561174452	0.0448743763729044	0.111854365487823	2.547222	2.219500	1.14765577832845	0.198689992740202	119	0.174884459552652	0.468622435306135	1.9475	2.25	1.82	2.235	3.1425	2.1675	3.7325	2.2025	2.725	2.1225	2.4575	2.3825	2.8775	2.5175	2.475	2.945	3.4075	2.4425	2.38	2.2675	2.3325	1.4125	2.18	1.99	1.265	1.4025	3.42	3.545	NC
*3-Oxobutanoic acid, TMS	0.906073844901082	0.758619577586209	0.213563653328441	0.239896574276724	524.3650	716.2903	0.732056541879738	-0.449973012581319	67	0.286221787365952	0.622025301677187	123.766666666667	186.88	1165.45666666667	946.76	224.763333333333	191.843333333333	362.28	354.013333333333	1532.38	837.076666666667	72.8533333333333	80.8266666666667	308.58	281.903333333333	810.8	458.826666666667	803.756666666667	695.803333333333	206.546666666667	244.36	925.063333333333	1430.59	180.36	525.093333333333	635.16	794.106666666667	989.21	1232.41333333333	NC
*3,5-Dihydroxyphenylacetic acid, 3TMS	0.475651348932567	0.50562886922107	0.112112098103582	0.159893887747399	21.03833	21.55600	0.975984876600482	-0.0350693022452348	89	0.981220305247765	0.992002945964773	27.465	21.25	20.295	20.06	29.23	21.815	18.515	22.785	22.755	23.1	17.935	18.6	19.33	14.365	21.24	3.375	28.51	28.065	22.57	19.595	9.075	8.66	16.345	14.73	24.97	38.27	30.73	30.615	NC
*4-Hydroxybenzoic acid, 2TMS	NA	NA	NA	NA	17.95056	13.67400	1.31275120666959	0.392593521779604	111	0.325391819311368	0.658825914713836	0	13.96	2.91	11.58	25.13	9.93	13.25	27.28	19.49	18.61	30.66	28.24	23.38	26.29	12.03	25.21	17.72	17.44	19.69	20.48	22.53	18.32	8.53	23.48	0	4.75	0	18.96	NC
*4-Methyl-2-oxovaleric acid, TMS	0.197566928191384	0.31315968704963	0.0465669715541077	0.0990297882422366	335.8996	389.8020	0.861718513501727	-0.214711415242955	75	0.493672003054154	0.801491016723215	316.423333333333	312.166666666667	374.63	373.826666666667	380.256666666667	344.91	215.55	240.743333333333	392.05	295.046666666667	312.5	319.373333333333	283.663333333333	280.013333333333	423.576666666667	491.036666666667	360.42	330.006666666667	364.686666666667	303.643333333333	252.75	322.406666666667	304.013333333333	262.956666666667	522.933333333333	584.663333333333	411.81	568.156666666667	NC
*Adipic acid, 2TMS	NA	NA	NA	NA	51.89778	35.69300	1.45400442663828	0.540031661471656	85.5	0.847889808337861	0.963035337865225	13.54	19.4	15.15	554.27	32.52	0	26.38	26.71	27.04	28.09	29.77	32.56	27.89	21.93	20.34	21.16	18.94	18.47	28.61	27.78	23.79	25.7	21.89	19.3	0	15.57	99.99	94.3	NC
*Alanine, 2TMS	NA	NA	NA	NA	18.915	 4.746	3.98546144121365	1.99474677074279	162	0.000550828002181218	0.0135864135864136	11.56	11.86	0	11.8	13.63	18.64	16.84	16.75	15.78	13.68	22.73	17.82	34.85	29.77	26.25	30.9	22.58	25.03	14.26	8.3	0	0	0	0	0	0	12.22	12.68	UP
*Alpha-ketoglutaric acid, TMS	0.231151351108799	0.487255171752522	0.0544828959498215	0.154083614443451	215.2556	216.3020	0.995162319349798	-0.00699623433478486	84	0.795635485795669	0.940978062867525	160.56	213.29	290.13	327.93	180.43	129.35	196.54	182.08	178.52	208.08	178.12	269.75	189.2	185.44	230.49	250.79	258.75	245.15	216.58	226.12	182.76	238.34	235.76	194.93	79.51	93.02	338.44	357.56	NC
*Arachidonic acid, TMS	0.250111732397306	0.488123199975065	0.0589519006774835	0.154358109069105	180.9613	190.1759	0.951546962575174	-0.0716532339715089	70	0.356195444524964	0.682707935339514	186.306666666667	202.815833333333	130.661666666667	206.679166666667	280.62	257.581666666667	133.343333333333	157.898333333333	155.311666666667	168.905833333333	150.404166666667	148.925833333333	143.4825	130.418333333333	139.82	185.78	273.195833333333	205.1525	256.798333333333	259.849166666667	199.003333333333	226.044166666667	68.345	74.0933333333333	196.285	175.943333333333	237.86	207.5375	NC
*Arginine (monohydrochlorid), TMS	NA	NA	NA	NA	2.744444	1.640500	1.67293142334654	0.742378307763826	110	0.344070042480478	0.673498806557531	5.035	4.295	0	0	1.365	1.025	1.005	0.72	1.035	1.035	10.33	8.87	0	2.94	5.83	0	2.975	2.94	5.055	5.1	0.58	0.925	0	0	0	0	3.33	1.415	NC
*Aspartic acid, 3TMS	NA	NA	NA	NA	22.22028	10.17600	2.18359669811321	1.12670642065305	137	0.0250740886857605	0.168791426274876	27.14	20.365	0	11.73	30.105	0	16.245	0	0	18.94	32.645	37.8	27.24	34.84	43.4	49.825	27.23	22.46	15.525	3.915	8.88	10.615	0	0	17.025	14.195	14.69	16.915	NC
*b-Sitosterol, TMS	0.230519455522234	0.250454425458482	0.0543339567317342	0.0792006434517663	17.84167	16.40500	1.08757512953368	0.121115065569945	119	0.174884459552652	0.468622435306135	12.92	12.32	14.47	17.72	19.46	26.15	12.59	19.85	16.31	17.42	17.53	27.85	14.86	17.02	15.1	23.26	17.6	18.72	13.38	11.69	15.78	17.56	14.8	13.94	13.92	16.91	16.5	29.57	NC
*Cholesterol, TMS	NA	NA	NA	NA	108.9022	115.3460	0.944135037192447	-0.0829348756020532	73	0.428244531160241	0.744356436151916	132.84	111.56	166.27	171.64	0	125.74	97.12	103.05	128.62	132.61	116.04	109.38	95.79	88.24	98.37	0	152.38	130.59	0	113.43	0	112.41	188.32	166.65	164.19	164.25	124.08	120.13	NC
*Citric acid, 4TMS	0.484031842802186	0.548473980549144	0.114087399451882	0.173442701587418	3756.041	2819.112	1.33234898081382	0.413972015552294	127	0.0799789074388617	0.327316753422017	3661.03125	3877.918125	2779.49125	3825.241875	5557.474375	5630.0925	2875.66875	4955.186875	6070.938125	3743.921875	2575.7125	2790.180625	1100.07375	4113.9125	1181.606875	2779.54125	4963.09375	5127.651875	2559.85875	4706.784375	2870.46625	2545.149375	816.276875	1597.798125	2384.964375	3879.046875	1737.62875	5093.15	NC
*Creatinine, 3TMS	0.29890944597301	0.42906213542604	0.0704536320694097	0.135681360568191	139.4389	135.3180	1.03045345039093	0.0432793341765313	95	0.832196483912731	0.953054894439476	163.68	138.8	57.51	71.41	135.8	115.27	135.38	138.41	168.63	172.83	151.39	157.27	126.27	133.35	180.86	177.96	147.77	137.31	201.62	206.44	82.1	82	125.17	113.2	72.57	85.41	189.53	195.14	NC
*Cystine, 4TMS	NA	NA	NA	NA	8.736111	0.716000	12.2012723463687	3.60895969448574	140.5	0.00787713463686204	0.0830506235925518	0	0	0	0	19.97	12.02	7.51	7.95	0	0	18.82	17.49	9.38	9.1	24.9	23.54	6.57	0	0	0	0	0	0	0	0	0	0	7.16	NC
*Decanoic acid, TMS	0.576611625699678	NA	0.135908663547747	NA	32.45833	17.15800	1.89173155379415	0.919707377531674	138	0.0227221562885319	0.164449234975551	21.72	20.64	29.42	37.53	21.11	19.91	15.88	13.78	103.42	115.22	18.02	21.25	21.06	18.93	29.8	35.17	21.25	20.14	13.79	13.79	31.19	34.21	6.91	0	18.14	18.94	15.12	19.49	NC
*Dopamine, 4TMS	0.23366140951928	0.228783798203039	0.0550745223908966	0.0723477894065941	14.89267	15.08400	0.987315698753646	-0.0184166280361921	101	0.620606395892437	0.872040754995849	13.94	13.17	14.178	17.588	17.336	16.464	12.954	15.368	9.26	11.758	14.784	16.846	16.942	16.52	8.952	24.332	13.478	14.198	13.692	14.062	12.64	13.364	13.782	11.918	12.046	17.828	16.118	25.39	NC
*Glutamine, 3TMS	0.57324968724147	0.63820390360333	0.135116247053837	0.201817794699706	68.73139	35.30850	1.94659614540408	0.960953603391644	161	0.000289413104058413	0.00998475209001525	60.585	55.1025	13.2625	16.1025	62.98	49.4425	76.3825	72.4625	75.775	70.25	121.155	125.4625	90.5725	83.3825	60.295	68.805	69.1375	66.01	37.6775	42.68	9.75	9.81	56.5975	51.56	26.7125	31.8175	43.1875	43.2925	NC
*Glycine, 3TMS	0.118782114301158	0.148123868149814	0.0279972128353415	0.0468408799187882	66.58422	35.15880	1.89381378204034	0.921294478147957	180	1.52402898398322e-07	4.20631999579368e-05	76.736	66.276	56.396	71.16	76.738	67.616	66.93	64.182	51.592	50.3	66.994	70.598	70.816	69.788	63.274	73.432	69.016	66.672	41.574	43.128	32.044	34.116	30.27	28.462	29.556	35.052	36.98	40.406	NC
*Heptanoic acid, TMS	NA	1.07464725721836	NA	0.339833301406286	 9.765	24.570	0.397435897435897	-1.33120590847537	69	0.323328385428777	0.658825914713836	9.65	8.63	0	0	0	0	8.49	11.89	28.38	27.83	6.99	6.91	24.28	21.79	0	0	9.84	11.09	5.08	4.27	89.38	89.59	8.71	7.81	7.94	8.76	12.28	11.88	NC
*Hexadecanoic acid, TMS	1.40573139518798	1.49946631474714	0.331334067354748	0.47417288292999	478.3224	455.1511	1.05090902779319	0.0716377874427227	89	0.981220305247765	0.992002945964773	1181.375	1244.69875	740.7975	1641.88375	28.97	1160.89	32.32625	72.56	348.0775	534.34875	62.095	434.97625	78.2425	84.11875	581.725	250.29	101.5725	30.855	60.9075	619.6125	1252.12125	35.74	18.51375	590.465	89.50375	372.78	1013.97	497.8975	NC
*Lactic acid, 2TMS	NA	NA	NA	NA	4.348333	5.027000	0.864995623632385	-0.20923526130543	69.5	0.336203300163896	0.662800791751681	5.48	5.07	3.63	4.36	6.9	5.28	5.06	5.14	0	0	5.18	5.3	4.42	0	4.44	4.95	6.89	6.17	4.69	4.96	3.7	0	7.63	6.89	7.32	0	7.3	7.78	NC
*Lauric acid, TMS	0.706699150874824	0.442828619355525	0.166570587280788	0.140034705027118	91.04972	47.73650	1.90733966671205	0.931561787460158	126	0.0889447699516349	0.327316753422017	80.915	65.235	98.615	120.235	84.96	66.445	25.39	25.04	312.235	325.575	36.09	38.61	46.05	46.235	76.675	84.22	54.01	52.36	36.145	34.775	91.365	93.985	26.745	25.855	40.245	37.98	46.59	43.68	NC
*Leucine, 2TMS	0.270796446476597	0.297032834503833	0.0638273345416073	0.0939300296887964	53.31889	37.01400	1.44050602474739	0.526575694413094	147	0.00517682165279419	0.0621218598335303	58.99	37.7	34.11	39.3	29.94	54.1	60.35	85.46	55.61	49.04	54.17	42.92	54.22	44.87	56.67	60.9	75.42	65.97	43.52	38.88	24.72	23.34	35.44	29.26	31.29	34.57	48.55	60.57	NC
*Linoleic acid, TMS	0.843047601923416	0.979107258406389	0.198708225394368	0.309620901016723	428.2586	168.7708	2.53751596840212	1.3434169011006	147	0.00517682165279419	0.0621218598335303	449.813333333333	82.0816666666667	160.893333333333	716.006666666667	123.226666666667	143.248333333333	573.948333333333	439.161666666667	91.0633333333333	523.615	441.513333333333	561.341666666667	442.046666666667	609.268333333333	754.553333333333	949.188333333333	77.9366666666667	569.748333333333	121.335	74.9733333333333	438.3	91.1833333333333	73.705	99.5666666666667	126.366666666667	94.5266666666667	16.0166666666667	551.735	NC
*Lysine, 4TMS	0.241442686890321	0.683272879328728	0.0569085870560155	0.216069856210016	76.66625	61.37300	1.24918530950092	0.320987508384996	122	0.132742467296243	0.421114034181185	76.6925	73.0075	51.9125	57.5675	75.8925	58.6675	84.8575	136.58	76.2575	82.4225	80.2775	96.795	79.055	65.585	47.81	92.455	70.6175	73.54	52.5625	51.045	8.17	64.2175	82.795	70.475	61.545	63.2725	78.865	80.7825	NC
*Malonic acid, 2TMS	0.0829174870780043	0.10745466693415	0.0195438391306016	0.0339801492726696	98.75989	93.47420	1.05654704720661	0.0793570107753965	129	0.0641767081126349	0.29521285731812	94.19	92.322	88.538	103.316	122.392	106.446	96.614	102.638	104.092	104.9	86.076	87.578	96.46	97.088	96.846	96.148	100.994	101.04	87.92	89.332	85.38	85.776	87.796	92.39	86.016	97.398	103.256	119.478	NC
*Myo-Inositol, 6TMS	0.328656094167151	0.711840091704782	0.077464984287959	0.225103601961024	275.9850	436.1968	0.632707530179038	-0.660389328673756	74	0.464182042214079	0.776449961521732	363.395384615385	437.987692307692	173.422307692308	206.117692307692	255.524615384615	268.323846153846	184.159230769231	188.291538461538	433.701538461538	332.782307692308	201.736923076923	258.916153846154	260.749230769231	170.436153846154	257.563076923077	377.602307692308	408.270769230769	188.748461538462	178.213076923077	893.979230769231	227.039230769231	206.313846153846	135.045384615385	324.088461538462	408.124615384615	432.389230769231	1293.37846153846	263.396923076923	NC
*Nonanoic acid, TMS	0.42038950738402	0.720694230772403	0.099086757136971	0.227903526578381	45.89556	77.30600	0.59368690657905	-0.752225799233659	69	0.331800007772548	0.658825914713836	53.57	40.61	30.68	43.08	22.64	24.95	39.8	43.69	87.46	68.93	30.65	29.76	83.73	66.4	26.48	27.67	50.01	56.01	24.79	27.99	199.6	212.05	58.54	52.47	52.24	57.45	38.38	49.55	NC
*Octanoic acid, TMS	NA	0.296340075361473	NA	0.0937109600128201	39.04667	32.92400	1.18596373466164	0.246059894686835	115	0.244923802360873	0.563324745430008	64.57	62.57	28.81	46.94	28.15	26.82	32.81	31.97	73.64	19.92	29.49	25.26	42.73	0	37.04	46.66	56.62	48.84	19.51	27.58	36.64	26.61	44.73	24.69	35.49	52.24	35.1	26.65	NC
*Oleic acid, TMS	1.08947957413836	1.27549650968361	0.256792798279155	0.403347411819523	293.2977	254.2948	1.15337671080966	0.205863796643592	100.5	0.631562397316065	0.872040754995849	57.48	51.476	62.628	74.902	84.038	76.022	307.136	307.444	986.686	97.26	279.79	43.054	358.478	374.032	71.258	79.104	693.296	1275.274	343.152	51.476	545.986	387.478	29.44	28.604	487.092	50.034	550.912	68.774	NC
*Ornithine, 4TMS	0.559398773878184	0.14611549303688	0.131851555465568	0.0462057759435013	201.7533	145.0300	1.39111425222368	0.476240913300381	90	1	1	141.12	121.26	140.81	157.85	121.83	86.28	100.48	109.5	150.35	151.09	180.67	1278.7	154.56	163.11	124.9	145.96	151.16	151.93	146.21	149.73	145.27	137.39	152.85	156.49	104.97	131.16	139.35	186.88	NC
*Pantothenic acid, 5TMS	NA	NA	NA	NA	1.873333	1.939000	0.96613357400722	-0.049705430426986	85.5	0.837594747811535	0.955273348743734	4.77	0	5.37	7.42	0	0	0	0	0	2.38	0	0	0	1.68	2.58	3.02	3.91	2.59	3.63	4.52	4.36	0	3.64	0	0	3.24	0	0	NC
*Phenylalanine, 2TMS	0.693441172627105	0.374800074113492	0.163445651839526	0.118522190139855	9.581111	6.595000	1.45278407884761	0.538820297242113	120	0.159891062408225	0.459686804423647	4.93	4.61	4.6	4.51	2.19	1.78	8.23	8	9.51	9.84	9.91	10.01	13.31	11.21	19.53	25.69	11.9	12.7	6.52	4.27	5.32	6.81	4.09	4.8	4.28	7.95	10.14	11.77	NC
*Proline, 2TMS	0.351532051105331	0.353586459336576	0.0828568990469985	0.111813856129809	64.07194	53.78200	1.19132683797553	0.252569267810986	105	0.493672003054154	0.801491016723215	51.35	44.815	37.1	44.395	37.64	35.81	61.58	51.275	54.405	74.15	57.21	71.11	115.82	115.84	69.67	75.75	77.685	77.69	41.27	58.065	74.345	81.74	52.435	52.855	23.65	38.73	54.98	59.75	NC
*Pyruvic acid, 2TMS	NA	1.16049492651548	NA	0.366980718085865	246.9322	327.6390	0.753671571455169	-0.407992119744907	97	0.759493900454999	0.923437517733831	425.72	332.26	280.74	317.83	280.97	241.34	114.72	119.53	234.61	226.05	176.33	169	0	184.47	255.77	256.96	420.62	407.86	96.59	95.18	46.07	37.13	508.87	466.74	824.64	897.95	127.15	176.07	NC
*Serine, 2TMS	0.235656420613904	0.406174361225806	0.0555447510154135	0.128443610863753	853.8228	553.4910	1.54261370103579	0.625376829650254	156	0.000919446686037075	0.0169178190230822	753.25	620.42	781.31	967.78	674.23	614.84	912.62	943.13	691.32	551.23	826.75	821.59	1010.76	997.96	765.96	865.61	1291.91	1278.14	483.03	532.32	662.78	743.7	563.42	476.91	257.2	263.53	768.81	783.21	NC
*Stearic acid, TMS	0.238629700482274	0.163414767990488	0.0562455598011769	0.0516762870157919	10.11244	 9.36940	1.07930497150298	0.110102574471878	103	0.555432363212684	0.851662956926115	6.778	6.908	8.44	10.516	13.102	12.778	7.994	10.496	12.9	14.214	10.656	11.632	8.27	8.336	9.76	13.276	8.112	7.856	8.402	8.74	10.978	11.262	10.236	8.134	9.504	7.598	7.414	11.426	NC
*Succinic acid, 2TMS	0.194971666574546	0.23520142597656	0.0459552625247014	0.0743772215005424	70.89806	61.83000	1.14666116771794	0.197439145608763	137	0.0238332224602247	0.164449234975551	111.51	50.405	64.065	83.595	93.225	67.355	69.005	74.97	60.72	61.29	55.765	62.955	80.42	60.985	59.97	69.365	83.2	67.365	51.755	54.535	49.355	52.89	88.975	95.03	48.745	59.53	60.635	56.85	NC
*Valine, 2TMS	0.625156973433031	0.495614990764823	0.147350911740185	0.156727221334016	14.90833	12.63400	1.18001662181415	0.238807181654871	117	0.203817015905328	0.520865707313615	14.68	14.2133333333333	17.69	20.2866666666667	11.44	10.97	20.05	22.4733333333333	18.6266666666667	17.9433333333333	2.74666666666667	2.74666666666667	14.36	14.1166666666667	9.39	11.7466666666667	23.24	21.63	12.9966666666667	14.0866666666667	11.4066666666667	12.8366666666667	17.4733333333333	6.17666666666667	12.3433333333333	13.8466666666667	3.91	21.2633333333333	NC
1-(3-Methylbutyl)-2,3,4,6-tetramethylbenzene	NA	0.59262050145606	NA	0.187403057271228	24.66722	33.43600	0.737744347409977	-0.438807133103121	63	0.203259467423631	0.520865707313615	58.19	56.21	26.52	42.18	14.1	10.23	13.18	8.1	33.37	74.06	0	12.68	0	0	4.91	0	41.02	49.26	15.22	13.91	35.36	40.27	47.63	49.78	30.96	44.49	46.62	10.12	NC
1-(Trimethylsilylmethyl)dimethylsilyloxypentane	NA	NA	NA	NA	1.521667	1.095000	1.3896502283105	0.474721805695818	99	0.643709697303186	0.872040754995849	0	0	0	0	0	0	2.96	3.77	0	0	3.69	3.69	3.83	3.04	2.87	3.54	0	0	2.23	4.26	0	0	0	0	0	0	0	4.46	NC
1-Cyclopentyl-1-trimethylsilyloxyethane	NA	NA	NA	NA	19.07389	16.21300	1.1764565472152	0.234448035160723	101	0.614463601173335	0.872040754995849	22.14	18.61	24.11	36.25	26.3	22.25	7.2	6.64	20.83	22.75	13.94	17.77	4.85	0	27.2	29.55	22.46	20.48	0	18.67	29.74	27.67	3.54	0	16.3	23.97	19.68	22.56	NC
1-Di(tert-butyl)silyloxypentane	NA	NA	NA	NA	1.322222	4.751000	0.278303936013471	-1.84526678224026	51	0.0260510803755811	0.171192813896676	6.88	7.18	0	0	0	0	0	0	0	0	0	0	0	0	0	9.74	0	0	3.58	3.55	0	0	0	0	7.04	8.31	11.82	13.21	NC
1-Di(tert-butyl)silyloxytetradecane	NA	0.313320152415532	NA	0.0990805318464188	23.57167	21.47600	1.09758195194636	0.13432866390875	119	0.174884459552652	0.468622435306135	17.58	17.75	19.36	22.3	40.17	39.07	16.57	20.71	21.82	30.75	20.97	21.37	25.99	29.21	39.36	0	20.21	21.1	17.18	16.65	32.03	39.48	17.29	15.9	16.33	17.16	21.21	21.53	NC
1-Monooleoylglycerol trimethylsilyl ether	0.874997129586628	0.982477323462955	0.206238801283156	0.310686609160893	253.9286	151.9620	1.67100064489807	0.740712290186096	126	0.0889447699516349	0.327316753422017	138.91	133.01	413.285	523.815	196.935	156.64	248.39	258.705	632.33	655.965	29.465	38.415	74.605	78.26	243.68	250.36	252.43	245.515	87.115	75.225	393.34	407.42	25.365	30.44	52.855	64.67	192.725	190.465	NC
1-Naphthoic acid, 4-nitrophenyl ester	NA	NA	NA	NA	0.4127778	0.2410000	1.71277095435685	0.776332235422328	111.5	0.273787434775265	0.599724857126771	0.71	0.82	0	0	0	0	0.77	0.95	0	0.99	0	0	0	0	0.58	0.7	1.29	0.62	0.63	0.62	0	0	0	0	0	0	0.52	0.64	NC
1-Pentamethyldisilyloxy-10-undecene	NA	0.256890375835902	NA	0.0812358696618131	7.031111	7.279000	0.965944635252095	-0.0499875939590969	96	0.79197957147641	0.940978062867525	0	8.66	4.73	6.09	7.76	6.25	7.9	6.9	6.44	9.94	10.62	0	9.14	6.98	8.73	11.08	6.14	9.2	7.04	9.76	8.8	6.81	9.79	5.78	5	5.34	5.68	8.79	NC
1-Pentamethyldisilyloxybutane	NA	NA	NA	NA	1839.907	1537.995	1.19630232868117	0.258582032487818	112	0.300286660394173	0.637008469292711	2219.545	1684.405	2207.385	1742.28	0	0	3.275	4.835	1973.845	1993.395	2938.425	3058.77	2156.345	1948.225	3236.09	3468.48	2534.62	1948.41	0	2427.455	1703.785	5830.425	5.865	1808.155	0	0	0	3604.27	NC
1-Pentamethyldisilyloxycyclopentane	0.327645790077145	0.218092389228663	0.0772268533302579	0.0689668690310547	263.6035	229.5163	1.14851755626942	0.199772909958539	122	0.132742467296243	0.421114034181185	163.34	139.65	125.94	172.62	294.16	273.8	319.32	352.59	295.733333333333	307.793333333333	338.433333333333	302.653333333333	361.1	292.913333333333	274.933333333333	312.95	208.173333333333	208.76	240.633333333333	248.93	289.523333333333	300.8	240.426666666667	233.86	149.296666666667	170.87	198.693333333333	222.13	NC
1-Pentamethyldisilyloxypentane	NA	NA	NA	NA	13.76222	13.24400	1.03912866203564	0.0553742958097972	90	1	1	33.15	27.05	19.91	21.94	0	12.13	0	41.81	35.96	0	9.85	0	0	0	0	34.3	0	11.62	23.72	0	14.27	22.71	0	28.29	32.39	0	0	11.06	NC
1-Propene-1-thiol	NA	NA	NA	NA	13.400	13.445	0.996653030866493	-0.00483675452773835	89	0.980821465375118	0.992002945964773	4.16	19.44	12.605	5.585	40.395	3.88	16.6	23.235	15.625	17.51	15.49	0	0	20.625	19.635	21.49	4.925	0	16.335	15.08	0	0	15.025	13.32	4.695	21.78	22.78	25.435	NC
1-Propene-1,2,3-tricarboxylic acid, tris(trimethylsilyl) ester, (E)-	1.64037396194917	1.97824924036252	0.386639850725368	0.625577337904346	 717.1333	2021.3595	0.354777712722551	-1.4950127130798	108	0.408140905623743	0.731473311377617	59.475	32.78	34.36	32.45	1627.025	56.53	897.44	1326.05	933.07	945.99	1163.375	1237.555	1184.81	1171.46	54.46	1284.925	818.73	47.915	916.745	888.855	810.86	800.995	14913.07	33.475	28.33	38.925	782.43	999.91	NC
1-Trimethylsilyloxytetradecane	NA	0.416550408827324	NA	0.131724805216865	4.465	4.783	0.933514530629312	-0.0992556159777205	80	0.648711823518336	0.872040754995849	4.83	5.75	3.17	3.67	6.88	5.3	3.44	3.39	7.81	8.54	0	4.22	0	3.81	5.28	6.83	3.83	3.62	5.68	5.19	5.52	4.24	4.2	7.02	1.9	2.54	4.78	6.76	NC
1,11-Bis(trimethylsiloxy)undecane	NA	0.259789642211929	NA	0.0821526981909921	11.35833	10.60700	1.0708334118978	0.0987340594324217	114	0.259787736447374	0.587716518520288	8.99	8.38	16.05	11.55	21.98	19.06	10.64	11.94	0	0	10.71	10.11	11.36	12.74	11.34	15.01	11.92	12.67	8.63	9.14	18.18	12.26	7.97	7.52	9.71	9.47	10.95	12.24	NC
1,2-Butanediol, bis(trimethylsilyl)-	0.319121695300893	0.174156339906406	0.0752177049236695	0.0550730703062719	6.319444	4.104000	1.53982553606238	0.622766901234511	160	0.000859995873659903	0.0169178190230822	5.65	5.15	3.46	4.45	11.42	12.14	6.18	5.87	5.41	5.94	7.66	6.82	6.57	6.53	5.45	6.69	4.49	3.87	5.38	5.38	3.57	3.86	3.51	4.06	3.17	3.7	4.07	4.34	NC
1,2-Propanediol-1-phosphate, tris(trimethylsilyl)-	0.367913715197989	0.548943648081376	0.086718094302678	0.173591223501907	13.47389	11.77100	1.14466825248492	0.194929537323502	107	0.428814033870126	0.744356436151916	10.36	9.25	4.57	7.98	20.03	19	12.87	13.35	10.59	11.45	15.3	16.03	14.99	15.2	17.96	19.29	13.72	10.59	11.27	11.69	18.45	19.38	3.34	5.19	10.31	9.77	15.33	12.98	NC
1,2,3-Oxadiazolium, 5-mercapto-3-phenyl-, hydroxide, inner salt	1.19086749541651	0.91335069470278	0.280690160501218	0.288826849775787	342.8885	315.9320	1.08532374055176	0.118125447482913	75	0.493672003054154	0.801491016723215	424.566666666667	248.01	301.456666666667	195.133333333333	20.07	414.48	165.796666666667	90.6033333333333	419.31	46.6266666666667	86.67	2485.34666666667	25.5433333333333	69.55	238.706666666667	342.05	76.3866666666667	521.686666666667	341.026666666667	170.973333333333	364.726666666667	331.306666666667	640.726666666667	350.746666666667	167.556666666667	686.016666666667	45.4266666666667	60.8133333333333	NC
1,3-Dioxolane	0.196425418298693	0.14332932779453	0.0462979150921367	0.0453247131331594	9.979444	9.155556	1.08998776262195	0.124311937842815	122	0.132742467296243	0.421114034181185	10.4966666666667	8.52333333333333	6.05666666666667	6.35222222222222	11.1922222222222	10.3266666666667	9.11666666666667	9.49222222222222	9.37777777777778	9.99	11.3066666666667	11.2722222222222	10.1211111111111	9.16555555555555	12.2311111111111	12.39	11.4966666666667	10.7222222222222	8.81333333333333	8.06555555555556	9.74666666666667	9.65666666666667	8.16777777777778	7.07111111111111	8.39	9.56111111111111	10.6533333333333	11.43	NC
1,3-Dioxolane, 2-(1-methylpropyl)-	NA	NA	NA	NA	1874.133	2782.974	0.673428138387207	-0.570404091180132	59.5	0.141018495096049	0.437315782545052	0	1543.33	0	5055.89	2312	0	1676.7	0	4555.8	0	0	935.25	2972.02	2432.37	0	0	12251.03	0	10169	66.74	285.54	4539.05	2744.62	2343.86	4068.91	0	372.25	3239.77	NC
1,3-Dioxolane, 2-(3-bromo-5,5,5-trichloro-2,2-dimethylpentyl)-	1.63871290957748	2.03756085397636	0.386248336926724	0.644333316976305	599.957	747.921	0.802166271571463	-0.318026787996428	88	0.943709532267884	0.992002945964773	14.324	2507.556	262.23	778.538	2529.424	1135.03	889.022	985.08	319.218	118.66	32.326	254.07	117.538	10.436	314.892	31.552	273.434	225.896	12.062	13.232	1545.114	248.548	14.07	355.888	329.07	482.172	4122.916	356.138	NC
1,3-Dioxolane, 2-(6-heptynyl)-	0.656154648321142	NA	0.154657133778318	NA	 7.298333	10.707000	0.68164126272532	-0.552915424042853	72	0.408140905623743	0.731473311377617	2.75	2.58333333333333	5.51	10.2766666666667	19.89	17.1966666666667	3.39	6.16666666666667	5.12	2.35333333333333	4.26	3.96333333333333	4.60666666666667	4.52666666666667	5.34	5.18333333333333	14.4	13.8533333333333	4.08	6.24666666666667	0	4.58	8.39666666666667	4.8	7.1	6.98333333333333	31.8033333333333	33.08	NC
1,4-Benzenedicarboxylic acid, bis(trimethylsilyl) ester	0.136900292618945	0.232611891307183	0.0322677084190929	0.073558338737022	44.49722	48.09400	0.925213540150538	-0.112141715462011	80	0.654352360073184	0.872040754995849	49.24	42.26	49.65	57.88	46.69	40.55	38.75	38.09	42.63	44.88	41.81	42.06	40.96	39.49	36.84	39.23	56.24	53.7	37.79	39.52	35.6	35.33	70.33	54.62	55.45	56.6	45.92	49.78	NC
1,5-cis,8-cis-Undecatriene-3,7-diol bis(trimethylsilyl)ether	NA	NA	NA	NA	3.689444	2.078000	1.77547834456208	0.828207763972839	127.5	0.0726913685298343	0.318457424035465	3.54	3.57	5.16	6.76	0	0	3.05	2.84	2.98	0	4.5	3.74	4.96	5.54	4.94	5.67	5.01	4.15	3.15	0	0	0	3.45	0	3.43	4.46	0	6.29	NC
1,8-cis-Undecadien-5-yne 3,7-bis-trimethylsilyl ether	NA	NA	NA	NA	21.06611	17.32100	1.21621788580336	0.28240171119022	110	0.34954840301395	0.677832535708504	28.01	25.31	14.13	21.92	54.33	0	18.91	12.79	0	12.22	19.15	28.68	35.85	22.77	20.04	27.45	16.56	21.07	16.1	26.32	17.53	17.11	17.86	0	10.31	20.01	19.36	28.61	NC
10-Undecen-1-al, 2-methyl-	NA	NA	NA	NA	26.27111	23.17700	1.13349915864866	0.180783320223951	107.5	0.414958313456824	0.738893512994087	26.61	20.79	15.35	38	48.8	39.32	0	22.84	25.02	29.91	14.29	18.32	26.73	25.41	28.42	34.76	27.99	30.32	17.08	16.82	37.93	42.73	0	11.3	24.87	23.27	25.12	32.65	NC
1H-1,2,3-Triazole, 4,5-diphenyl-	0.071870704397041	0.0822563636503852	0.0169400874826005	0.0260117461178299	13.38833	13.54000	0.988798375184638	-0.0162517223115302	91	0.980863538608015	0.992002945964773	14.22	11.66	13	13.89	11.78	15.17	13.69	13.81	13.84	13.99	11.92	13.1	13.05	13.99	13.08	14.61	13.35	12.84	12.63	12.56	13.99	13.78	13.46	12.85	11.98	14.6	13.66	15.89	NC
1H-Indole-3-acetamide, 1-trimethylsilyl-	0.637889871114493	NA	0.15035208450509	NA	1.376852	1.241000	1.10946978243352	0.14987037476613	101	0.614609006417322	0.872040754995849	1.69666666666667	1.43333333333333	1.17333333333333	1.96666666666667	2.48	2.18	0.406666666666667	0.64	0.95	1.05	0.3	0.39	1.62666666666667	1.46	1.24333333333333	1.72333333333333	1.93	2.13333333333333	1.21666666666667	1.38	1.41	1.55333333333333	0	0	0.75	1.67666666666667	1.89	2.53333333333333	NC
1H-Indole-3-acetic acid, 1-(trimethylsilyl)-, trimethylsilyl ester	1.04041749198497	0.0964462088857383	0.245228754615892	0.0304989691767303	52.520	13.486	3.89440901675812	1.96140441345217	122	0.132742467296243	0.421114034181185	14.32	11.86	13.04	14.18	65.79	60.36	23.83	23.31	291.07	308.91	11.41	11.91	18.66	17.55	17.19	18.22	12	11.75	12.77	12.68	13.06	15.05	15.42	14.14	12.14	15.04	11.8	12.76	NC
1H-Indole-3-propanoic acid, 1-(trimethylsilyl)-, trimethylsilyl ester	NA	NA	NA	NA	12.46389	 7.59900	1.64020134228188	0.713872923186198	99.5	0.662427484737242	0.872040754995849	0	0	11.59	14.54	13.33	10.11	0	0	5.87	4.94	48.86	51.27	22.82	23.56	0	5.04	6.74	5.68	0	0	13.47	14.6	17.04	16.42	3.92	0	5.02	5.52	NC
1H-Isoindole, 1,3-bis(trimethylsilyloxy)-1-[4-chloro-3-[[trimethylsilyl)amino]sulfonyl]phenyl]-	NA	NA	NA	NA	438.6272	265.0720	1.65474738938854	0.726610994741024	90.5	1	1	351.68	0	121.63	0	0	39.13	0	0	0	0	0	0	0	0	0	7358.25	24.6	0	0	0	0	2598.82	0	0	0	22.83	29.07	0	NC
2-(4-Methoxyphenyl)-2-(4-trimethoxysilyloxy)propane	NA	NA	NA	NA	880.4167	575.3980	1.53010038269163	0.613626304460913	95.5	0.797785748952902	0.940978062867525	0	144.35	0	0	0	1175.51	486.87	0	3709.12	0	0	1450.04	3255.09	474.15	739.38	4412.99	0	0	0	0	0	0	1040.71	518.26	0	569.88	3238.81	386.32	NC
2-[2-[2-Methoxyethoxy]ethoxy-1,3-dioxalane	0.402122376930906	0.395976860931356	0.0947811531982323	0.125218878126683	64.37222	54.51700	1.18077333675734	0.23973204913775	112	0.308478097036449	0.640150035955338	38.78	36.38	31.23	35.15	79.69	118.47	61.15	66.12	36.06	36.9	74.36	80.85	83.05	73.13	69.78	76.2	88.02	73.38	27.81	41.71	31.49	35.3	55.93	51.64	65.24	76.18	77.64	82.23	NC
2-Butenedioic acid (E)-, bis(trimethylsilyl) ester	NA	NA	NA	NA	2.818333	3.210500	0.877848621710014	-0.187955915419731	91	0.980650353976599	0.992002945964773	0	0	3.935	5.45	0.995	1.41	3.21	0	0	3.16	2.39	2.24	2.54	1.685	0	0	14.79	8.925	0.72	0.805	12	11.095	0.81	0	1.055	0	3.32	2.3	NC
2-Butenedioic acid (Z)-, bis(trimethylsilyl) ester	NA	NA	NA	NA	11.78583	 9.81700	1.20055312213507	0.263699241423588	84.5	0.810283459505305	0.947619639082476	21.97	17.56	1.565	1.775	54.485	34.225	27.815	0	1.96	2.58	0	0	1.86	12.58	11.45	17.75	2.465	2.105	17.445	16.885	0	1.575	14.025	16.51	11.185	14.5	2.74	3.305	NC
2-Deoxy ribose O,O',O''-tris(trimethylsilyl)-	NA	NA	NA	NA	15.35556	 9.19600	1.66980861244019	0.739682755569735	111	0.324329050582909	0.658825914713836	6.82	6.41	27.6	34.54	12.71	7.03	6.15	7.44	51.75	51.9	0	0	3.32	0	16.82	17.64	12.89	13.38	3.52	3.63	26.54	26.38	0	0	5.42	7.35	8.6	10.52	NC
2-Deoxy-galactopyranose, tetrakis(trimethylsilyl)	NA	NA	NA	NA	3.543056	3.245000	1.09185084745763	0.12677579002149	88	0.941702393512209	0.992002945964773	1.705	1.025	1.185	1.355	11.08	9.065	0	0	1.11	1.225	0	0	0	0	12.83	13.51	4.81	4.875	1.06	1.115	0	2.005	0	0	6.305	7.955	6.58	7.43	NC
2-Ethyl-3-hydroxypropionic acid, di-TMS	NA	NA	NA	NA	40.24944	32.45100	1.24031432005177	0.310705774254273	100	0.626395654396256	0.872040754995849	91.2	45.06	0	0	0	39.01	30.48	18.49	112.57	135.28	0	0	0	42.28	0	0	103.88	106.24	0	0	0	43.58	70.45	0	0	0	106.35	104.13	NC
2-Ethyl-3-ketovalerate, bis(trimethylsilyl)	NA	NA	NA	NA	4.462778	4.492000	0.993494657168299	-0.00941588594037426	88	0.941996554821681	0.992002945964773	3.43	3.09	0	4.68	0	0	3.73	3.72	9.31	0	0	0	6.97	5.66	9.88	11.09	10.28	8.49	0	0	4.43	5	3.37	3.04	7.1	7.67	7.3	7.01	NC
2-Ethyl-3-trimethylsilyloxy(trimethylsilyl)butyrate	0.422359892575748	0.102371125564453	0.099551181380511	0.032372592341876	7.626389	7.376500	1.03387636412933	0.0480636716081995	114	0.265042813784233	0.589934004874582	7.545	8.455	8.19	9.45	11.81	8.785	3.245	2.92	10.605	11.26	8.02	8.705	7.12	6.79	4.39	3.565	8.82	7.6	7.235	6.77	6.565	7.78	7.43	6.265	7.1	8.565	7.585	8.47	NC
2-Ethylacetoacetate, O,O'-bis(trimethylsilyl)-	NA	0.216135437212859	NA	0.0683480264668951	6.968333	6.905000	1.00917204923968	0.0131721540529661	103	0.548844033813101	0.851662956926115	9.05	7.84	5.73	7.79	13.03	11.15	8.19	8.65	4.51	0	5.35	0	8.4	7.95	6.27	7.14	6.97	7.41	7.82	7.55	6.73	5.62	7.55	6.84	6.62	4.02	8.2	8.1	NC
2-Ketoisocaproic acid oxime, bis(trimethylsilyl)- deriv.	NA	NA	NA	NA	12.56889	 8.79000	1.42990784982935	0.515922175760366	121	0.139015461289754	0.436003037681502	19.02	15.7	0	0	0	0	13.26	12.93	15.64	14.49	20.32	20.6	14.7	13.99	14.06	15.67	18.55	17.31	17.15	19.91	0	0	11.93	13.98	0	10.8	0	14.13	NC
2-Methyl-1,2-bis(trimethylsilyloxy)butane	NA	NA	NA	NA	94.45556	96.98500	0.973919265865856	-0.0381259114529264	91.5	0.959132078123169	0.992002945964773	79.25	69.07	301.82	376.1	0	0	68.14	0	0	461.51	0	51.64	111.46	0	0	0	181.21	0	0	63.45	391.17	281.15	54.28	0	0	0	0	179.8	NC
2-Monopalmitin trimethylsilyl ether	0.843517511466639	0.905353725062407	0.198818984135887	0.286297985931508	72.08278	41.83133	1.723176862892	0.785070784048225	127	0.0799789074388617	0.327316753422017	38.3033333333333	33.02	115.973333333333	142.05	58.7833333333333	49.01	54.3266666666667	58.94	222.183333333333	235.636666666667	10.7733333333333	16.1066666666667	27.3166666666667	15.7766666666667	51.7966666666667	61.05	53.4366666666667	53.0066666666667	18.4833333333333	22.66	106.966666666667	115.31	7.54	8.95	24.97	28.98	40.08	44.3733333333333	NC
2-O-Glycerol-à-d-galactopyranoside, hexa-TMS	0.196877700654206	0.16308326010335	0.0464045190656681	0.0515714550172252	7.454444	6.589500	1.13126094544351	0.177931750967715	130	0.0582065296913096	0.29209094899639	6.06	5.6	5.89	7.485	9.805	11.045	6.17	7.125	6.305	6.96	7.125	10.32	7.05	7.675	7.205	8.725	6.005	7.63	5.95	6.225	5.815	6.54	6.77	6.415	5.5	6.835	5.945	9.9	NC
2-Octenoic acid	NA	NA	NA	NA	5.935	5.941	0.998990069011951	-0.00145775866989264	88	0.924669347341133	0.992002945964773	0	22.57	0	0	0	0	0	0	0	39.21	0	0	0	0	0	0	25	20.05	0	0	0	22.27	18.21	18.93	0	0	0	0	NC
2-Pentamethyldisilanyloxybutane	0.299035465036415	0.180231209275972	0.0704833350475073	0.0569941126758539	19.79403	14.38225	1.37628187522815	0.460775977559705	149	0.00364364849490708	0.0478879516473501	16.725	13.495	9.805	11.8525	28.3425	26.0875	19.0625	18.2275	19.1675	23.6825	20.79	31.2775	18.8325	16.3775	26.11	21.305	16.3375	18.815	14.155	14.51	18.7275	16.25	14.18	13.27	9.6425	13.1825	13.03	16.875	NC
2-Phenyl-1,2-bis(trimethylsilyloxy)propane	NA	NA	NA	NA	4.864444	3.718000	1.30834965034965	0.387748145893348	113.5	0.267824985487278	0.59135756795591	5.95	4.57	0	0	4.76	6.84	6.3	7.52	3.22	2.18	5.75	6.21	3.58	0	7.63	8.41	7.11	7.53	5.46	7.01	0	0	0	1.76	5.99	6.26	4.47	6.23	NC
2-Piperidinecarboxylic acid, trimethylsilyl ester	0.363888431434745	0.334726784164308	0.0857693258209482	0.105849903182279	42.72806	49.02900	0.87148544738828	-0.198451521363772	62	0.190866799104785	0.501707014789721	39.02	34.135	78.55	72.51	25.16	23.255	42.645	39.895	45.395	45.305	38.955	45.085	18.52	49.32	36.215	31.49	57.605	46.045	41.765	41.06	21.675	60.7	74.54	49.39	42.91	43.775	53.855	60.62	NC
2-Propen-1-ol, 1-[(1,1-dimethylethyl)dimethylsilyl]-	0.0972580198097927	0.0924977526623541	0.02292393511076	0.0292503576859943	10.680	 9.828	1.08669108669109	0.119941884212756	133	0.0400161242266505	0.234988303969267	9.84	8.3	10.88	10.73	12.1	10.05	10.97	10.56	10.82	9.22	9.72	10.72	11.27	12.48	11.14	11.25	10.52	11.67	9.92	8.7	11.07	9.99	8.87	9.26	9.11	9.96	9.79	11.61	NC
2-Trimethylsilyloxyethyltrimethylsilylsulfonate	NA	NA	NA	NA	0.9161111	1.0080000	0.908840376984127	-0.137901164115217	84.5	0.80616997911152	0.94682091163736	0	0	0	0	1.42	0	1.59	1.58	1.01	2.31	1.47	1.89	0.98	1.47	1.31	1.46	0	0	1.38	1.12	1.6	1.51	1.88	1.44	1.15	0	0	0	NC
2,2-Bis[(4-trimethylsiloxy)phenyl]propane	NA	0.217662279566326	NA	0.0688308564133916	5.387778	3.266000	1.64965646050214	0.722165615784529	136	0.0290760336156516	0.182386029043633	15.48	14.68	4.62	3.98	3.56	2.57	3.49	3.5	3.95	0	8.9	8.98	4.27	3.23	3.66	3.66	4.55	3.9	2.89	3.23	3.06	3.62	4.61	4.25	2.57	2.24	2.91	3.28	NC
2,3,4-Trihydroxybutyric acid tetrakis(trimethylsilyl) deriv.	0.207881813453038	0.246382285558794	0.0489982133260001	0.07791291974838	54.98130	56.51433	0.972873605685496	-0.039675710534049	87	0.906310775418327	0.992002945964773	49.1466666666667	51.8633333333333	56.47	69.9033333333333	74.8333333333333	79.3766666666667	38.1633333333333	39.4533333333333	46.06	47.3	46.53	49.5	52.1333333333333	48.5933333333333	50.6166666666667	56.05	65.8433333333333	67.8266666666667	57.7766666666667	59.37	56.2633333333333	64.05	45.52	39.1133333333333	41.07	46.12	74.08	81.78	NC
2,4(1H,3H)-Pyrimidinedione, dihydro-1,3-bis(trimethylsilyl)-	NA	NA	NA	NA	16.61444	 3.72100	4.46504703036818	2.15867537134238	143.5	0.00812451752535833	0.0830506235925518	7.62	15.38	0	0	0	0	21.8	21.2	0	17.16	34.81	36.81	29.61	26.9	17.53	25.75	23.56	20.93	16.75	16.62	0	0	0	0	0	3.84	0	0	NC
2,6-Octadiene, 1,8-bis(trimethylsilyl)-	0.26890080067103	0.110006152481924	0.0633805265403257	0.0347869998474664	42.41222	34.47100	1.23037393751269	0.299096848741191	134	0.0353122087675863	0.211873252605518	41.56	37.51	24.49	29.44	68.2	47.07	35.91	38.47	37.45	38.58	68.12	56.63	34.19	32.21	47.73	50.32	39.07	36.47	36.13	34.9	29.96	30.82	34.67	30.76	30.87	37.06	38.02	41.52	NC
2(3H)-Furanone, dihydro-3,4-bis[(trimethylsilyl)oxy]-, cis-	NA	NA	NA	NA	5.186111	3.699000	1.40203054879697	0.487517784525242	109.5	0.351195842776507	0.677832535708504	7.4	4.66	0	0	6.7	5.77	6.05	8.19	0	0	6.94	7.83	8.1	6.88	7.5	8.26	9.07	0	7.14	5.52	0	0	0	3.82	0	0	9.81	10.7	NC
3 Hydroxy-2,3-didehydrosebacic acid, tris(trimethylsilyl) derivative	NA	NA	NA	NA	13.50389	11.69900	1.15427728865715	0.206989840028578	99	0.683444701459569	0.872040754995849	15.54	6.465	16.88	0	28.785	19.92	8.8	5.405	8.945	11.89	16.755	3.615	10.325	16.505	23.165	28.98	21.095	0	5.625	19.63	0	1.55	13.655	16.65	24.15	7.385	6.77	21.575	NC
3-Butenoic acid, 3-(trimethylsiloxy)-, trimethylsilyl ester	NA	NA	NA	NA	19.06778	10.75100	1.7735819923728	0.826666027344049	127	0.07779809033583	0.327316753422017	4.84	4.49	19.65	15.14	17.14	13.74	0	10.68	61.21	66.89	0	7.8	11.88	14.64	18.78	19.73	27.89	28.72	0	0	47.87	26.57	11.99	11.29	0	0	0	9.79	NC
3-Hydroxybutyric acid, 2TMS	0.840625079627718	0.887229777602573	0.198137231413414	0.280566690514878	618.3872	741.9780	0.833430640800671	-0.262865953667911	78	0.587620464966003	0.871952948014068	487.69	491.26	1467.93	1476.54	355.67	370.66	423.85	425.22	1615.87	1556.09	171.95	175.7	133.44	130.23	230.06	259.39	685.88	673.54	658.93	663.88	1611.93	1593.9	156.53	153.86	291.37	290.02	997	1002.36	NC
3-Methylene-1,4-bis(trimethylsilyloxy) butane	NA	NA	NA	NA	1.747222	1.393000	1.25428715003589	0.326867669119807	95	0.794773163044413	0.940978062867525	0	0	0	0	0	0	4.08	7.09	0	6.3	0	0	0	0	5.16	4.42	4.4	0	0	0	0	0	0	4.84	0	3.66	0	5.43	NC
3-Oxa-6-thia-2,7-disilaoctane, 2,2,7,7-tetramethyl-	NA	NA	NA	NA	4.425	4.366	1.01351351351351	0.0193653248669262	87	0.896358726981148	0.992002945964773	6.83	6.14	3.98	0	0	0	16.18	0	0	0	14.83	17.5	0	0	0	0	7.29	6.9	11.46	0	0	0	10.1	0	4.83	6.24	11.03	0	NC
3-Trimethylsilyloxy-5-nonyne	NA	NA	NA	NA	4.583333	4.187000	1.09465798901361	0.130480189802004	100	0.635189360390773	0.872040754995849	10.3	6.33	8.02	0	0	9.74	0	8.62	0	7.07	9.29	9.23	0	0	8.55	0	5.35	0	8.16	8.89	4.87	0	8.05	6.96	0	0	4.94	0	NC
3,4,5-Trihydroxypentanoic acid, tetrakis(trimethylsilyl)-	NA	NA	NA	NA	49.33556	50.18200	0.983132597345662	-0.0245420856133951	92	0.942389878520718	0.992002945964773	91.38	82.23	55.67	65.27	89.68	88.42	14.67	56.21	0	46.24	0	61.01	34.68	0	0	86.42	54.74	61.42	113.11	61.71	52.6	0	0	54.57	25.76	60.2	62.93	70.94	NC
3,5-Di-tert-butyl-4-trimethylsiloxytoluene	0.262764553487589	NA	0.0619341992088431	NA	32.84833	22.49400	1.46031519516315	0.54627979473586	138	0.020778915973424	0.163856594533286	22.87	29.33	30.36	27.05	41.75	37.22	16.13	28.7	30.29	35.78	32.97	34.61	27.35	44.18	45.1	48.05	30.94	28.59	0	17.65	31.35	23.14	37.15	20.49	20.56	35.4	18.79	20.41	NC
3,6-Dioxa-2,7-disilaoctane, 2,2,4,4,5,5,7,7-octamethyl-	0.13221431057029	0.102508357377942	0.031163211858052	0.0324159888516823	16.94611	15.71800	1.07813398651228	0.108536482046731	126.5	0.0842927140764321	0.327316753422017	16.9	11.55	13.19	14.74	18.68	17.42	19.35	19.13	16.81	16.2	17.75	17.5	17.81	16.97	18.23	19.02	16.8	16.98	15.24	17.1	12.95	13.79	17.07	15.11	15.14	17.75	15.9	17.13	NC
3,6-Dioxa-2,7-disilaoctane, 2,2,7,7-tetramethyl-3-[(2-methylphenoxy)methyl]-	0.382305257636281	0.280319546502351	0.0901102133859616	0.0886448239612914	35.06056	31.10500	1.12716797942453	0.172702533277578	103	0.555432363212684	0.851662956926115	23.97	28.97	44.64	53.52	56.58	50.91	25.12	24.11	51.52	53.27	15.29	25.78	24.36	23.63	39.62	34.82	26.59	28.39	29.24	24.93	46.88	48.04	24.4	21.35	30.25	34.18	22.83	28.95	NC
3,7-Dioxa-2,8-disilanonan-5-one, 2,2,8,8-tetramethyl-	NA	1.07318966094171	NA	0.339372368991965	34.35944	36.74200	0.935154319307604	-0.0967236364869868	91	0.980871396556431	0.992002945964773	30.03	0	30.85	29.68	51.11	42.6	0	28.43	26.79	33.91	39.07	25.42	37.88	29.91	115.54	39.8	26.17	31.28	3.71	29.24	4.02	85.56	86.16	33.74	33.83	34.35	27.48	29.33	NC
3,8-Dioxa-2,9-disiladecane, 2,2,9,9-tetramethyl-5,6-bis[(trimethylsilyl)oxy]-, (R*,S*)-	0.217829459446928	0.186219101868589	0.0513428959723743	0.0588876505735657	196.9367	189.5020	1.03923283131576	0.055518914062636	99	0.688785813728605	0.872040754995849	207.93	181.56	178.33	209.51	272.02	240.32	124.05	127.35	199.82	223.51	160.53	166.14	169.93	165.93	208.48	231.89	247.03	230.53	192.68	192.21	180.31	188.29	141.75	139.6	174.27	201.85	231.12	252.94	NC
3,9-Dioxa-2,10-disilaundecane, 2,2,10,10-tetramethyl-6-[(trimethylsilyl)oxy]-	0.316761920795173	0.282361635503571	0.0746615007386476	0.0892905892041549	15.35833	15.24100	1.00769831375894	0.0110637872614692	92	0.942658141813202	0.992002945964773	18.45	16.46	24.16	26.39	16.46	14.17	8.16	9.81	17.17	19.61	13.21	12.88	11.59	10.32	11.03	11.44	18.09	17.05	14.97	18.08	20.95	22.86	11.12	10.12	10.57	12.96	16.37	14.41	NC
4-(Trimethylsilyoxy)-3-penten-2-one	NA	0.203437868910334	NA	0.0643327028087413	7.627778	6.894000	1.10643719176095	0.145921557142686	128	0.0717381779166676	0.318457424035465	7.42	5.42	6.27	6.75	0	5.11	9.23	7.94	9.33	8.28	8.37	7.95	7.89	9.02	9.85	11.16	9.31	8	7.37	6.14	5.8	5.67	6.15	5.79	6.18	7.9	6.96	10.98	NC
4-Ketoglucose, bis(O-methyloxime), tetrakis(trimethylsilyl)	NA	2.59177379210165	NA	0.819590836297294	1041.979	1418.108	0.734767027617079	-0.444641207361117	80	0.654352360073184	0.872040754995849	46.09	1048.87	4072.38	38.0933333333333	0	7.00333333333333	1035.80666666667	11.5466666666667	869.783333333333	547.776666666667	6014.62	1157.24666666667	15.5533333333333	984.813333333333	2871.79	11.1266666666667	11.26	11.8666666666667	2981.43333333333	3443.18666666667	365.293333333333	44.45	5202.44333333333	1872.64666666667	8.02666666666667	9.97333333333333	12.6333333333333	240.99	NC
4-Trimethylsilyloxy-4-phenylbut-1-ene	0.31191239762182	NA	0.0735184571648479	NA	53.27389	31.14400	1.71056672232212	0.774474378929465	148	0.00582151505748231	0.0669474231610465	53.93	55.85	23.73	43.33	42.72	62.1	43.16	42.48	70.08	72.69	53.34	53.93	38.33	37.56	71.99	93.47	52.82	47.42	42.43	41.03	0	0	25.22	24.02	41.43	47.2	43.71	46.4	NC
4H-Benzo[b]pyrane-3-carbonitrile, 5,6,7,8-tetrahydro-2-amino-4-(3-cyclohexenyl)-7,7-dimethyl-5-oxo-	NA	NA	NA	NA	0.770	0.805	0.956521739130435	-0.0641303374197152	78.5	0.586358262995005	0.871952948014068	0	0.61	1.91	2.39	2.74	2.27	0	0	0	0	0	0.84	0	0	0.63	1.18	1.29	0	0.49	1.09	1.01	1.25	0	0	0.57	1.65	0.84	1.15	NC
5-Methyl-2-hexanone oxime	NA	NA	NA	NA	 4.368889	11.084000	0.394161764705882	-1.34314025900466	81	0.592093910152072	0.872040754995849	0	0	0	0	0	0	0	0	18.01	21.1	0	0	0	20.22	0	0	19.31	0	0	0	0	35.49	11.81	63.54	0	0	0	0	NC
7-Methyl-Z-tetradecen-1-ol acetate	NA	NA	NA	NA	6.056667	7.892000	0.767443867207299	-0.381866862923401	83	0.723617590376351	0.904005925010926	0	0	0	11.26	0	32.57	0	21.36	0	0	19.08	0	0	9.61	0	0	0	15.14	0	7.06	0	0	8.05	7.64	0	9.81	0	46.36	NC
9-Octadecenoic acid, 2-[(trimethylsilyl)oxy]-1-[[(trimethylsilyl)oxy]methyl]ethyl ester	NA	NA	NA	NA	106.8228	 64.9050	1.64583314074416	0.718818078637236	124	0.106538205685699	0.376681739313318	116.92	56.06	201.35	146.31	95.65	131.14	127.81	200.1	243.15	278.29	0	0	0	0	82.96	122.5	63.21	57.36	48.42	50.25	186.95	198.84	0	0	29.36	33.41	46.84	54.98	NC
9-Tetradecenoic acid, trimethylsilyl ester	NA	NA	NA	NA	78.19944	39.44900	1.98229207330984	0.987169546616921	131.5	0.0492906887634473	0.266749609778656	97.54	49.64	88.43	113.5	104.34	84.52	21.09	19.96	161.27	0	25.01	28.84	50.71	30.53	119.56	211.8	95.77	105.08	20.8	18.72	87.73	85.87	11.36	0	50.82	36.7	40.87	41.62	NC
9,12,15-Octadecatrienoic acid, 2-[(trimethylsilyl)oxy]-1-[[(trimethylsilyl)oxy]methyl]ethyl ester, (Z,Z,Z)-	NA	NA	NA	NA	11.17611	11.18800	0.998937254200929	-0.0015340333822701	78.5	0.596093165636159	0.872040754995849	9.9	10.13	0	14.56	15.36	13.74	0	10.44	21.66	17.23	0	9.36	14.02	10.93	14.4	14.02	13.87	11.55	16.92	16.48	15.1	22.34	0	0	10.15	0	17.3	13.59	NC
a-Tocopherol (vitamin E), trimethysilyl derivative	NA	NA	NA	NA	42.635	54.990	0.775322785961084	-0.367131029978564	73	0.428624384803398	0.744356436151916	37.87	12.1	144.22	3.57	0	79.73	0	32.2	44.09	54.9	40.96	32.12	13.4	17.7	65.31	36.9	91.55	60.81	1.82	9.96	104.83	109.78	37.46	0	60.54	100.46	62.54	62.51	NC
Acetic acid, [(trimethylsilyl)oxy]-, trimethylsilyl ester	NA	NA	NA	NA	 37.27389	102.21200	0.36467234766955	-1.45532728757008	25	0.00183004344939104	0.028060666223996	0	0	0	44.39	0	46.73	53.98	56.71	43.41	0	70.51	75.14	39.19	60.76	33.46	0	79.98	66.67	54.19	64.86	159.76	110.62	172.49	0	115.99	128.67	101.48	114.06	DW
Acrylic acid, 2,3-bis[(trimethylsilyl)oxy]-, trimethylsilyl ester	NA	NA	NA	NA	1.226667	1.807500	0.678653941908714	-0.559251989578618	64	0.216048117193221	0.543949178559473	0.615	0.605	2.015	2.405	4.5	3.91	0	0.86	0	0	0.91	0	0	0	2.47	3.11	0.68	0	1.765	3.015	2.245	2.47	0.65	0.59	2.505	3.05	1.785	0	NC
Alanine, 2TMS	0.309903278867622	0.128501149911626	0.0730449033330805	0.0406356315671482	379.6756	229.6010	1.65363217059159	0.725638361063638	159	0.000468791315473238	0.0129386403070614	476.38	508	368.94	385.51	364.93	409.03	237.94	248.88	384.69	354.38	581.38	552.7	240.19	244.06	263.34	256.62	479.61	477.58	198.09	206.67	241.71	237.54	247.91	250.34	190.26	195.88	263.6	264.01	NC
Alanine, phenyl-, trimethylsilyl ester, dl-	0.154098063485046	0.15937571932922	0.0363212618859972	0.0503990276808057	320.7367	252.1480	1.2720176245697	0.34711866016877	163	0.000173282095478892	0.00683226547888202	339.41	296.01	202.3	233.59	372.5	338.85	314.02	342.19	310.3	327.86	296.47	321.75	342.29	328.77	336.96	373.67	356.79	339.53	287.4	283.09	187.43	202.28	299.84	262.21	222.73	240.43	252.77	283.3	NC
Allonic acid, 2,3,5,6-tetrakis-O-(trimethylsilyl)-, lactone	1.64245729004282	0.250318039578134	0.387130895866187	0.0791575144495079	681.5524	802.8605	0.848905133581737	-0.236324755429696	64	0.225868258362538	0.546838941298775	739.78	679.375	942.6625	1157.22	3.9275	6.03	617.98	660.52	682.7475	699.815	640.175	676.725	576.16	614.535	1017.645	1033.56	775.7575	743.3275	746.4075	680.085	1080.7925	1170.7325	583.18	521.7	757.8425	898.37	758.4725	831.0225	NC
Allylchlorodimethylsilane	NA	NA	NA	NA	6.045556	5.341000	1.13191462272983	0.178765143673789	92.5	0.918371303890468	0.992002945964773	0	0	0	0	16.31	19.02	7.78	0	15	16.85	1.89	0	0	15.05	0	7.07	0	9.85	2.42	2.58	0	0	18.66	15.79	13.96	0	0	0	NC
Altronic acid, 2,3,5,6-tetrakis-O-(trimethylsilyl)-, lactone	0.545342432229049	0.330199753498716	0.128538443965975	0.10441833038821	18.60667	15.00000	1.24044466666667	0.310857381416511	92	0.943709532267884	0.992002945964773	12.16	10.85	9.97	9.24	55.31	47.05	14.09	17.15	14.89	18.24	12.41	16.44	9.35	11.81	22.77	33.23	10.66	9.3	13.29	15.6	22.32	26.01	9.93	9.53	14.22	16.2	11.32	11.58	NC
Aminomalonic acid, tris(trimethylsilyl)-	NA	0.349271713567215	NA	0.110449413714233	51.70444	35.93100	1.43899251342852	0.525059086263309	131	0.0509556042736821	0.270456668837236	33.58	31.49	31.66	39.84	61.04	50.8	55.04	0	28.61	36.36	75.2	74.97	61.21	59.17	87.94	103.01	50.33	50.43	33.62	33.06	55.08	61.01	25.56	23.73	21.78	26.38	37.8	41.29	NC
Arabino-Hexos-2-ulose, 3,4,5,6-tetrakis-O-(trimethylsilyl)-, bis(dimethyl acetal)	NA	NA	NA	NA	 6.441111	11.354000	0.567298837414127	-0.817819187442241	65.5	0.218762169638049	0.543949178559473	14.43	0	0	0	13.12	9.42	0	21.05	0	0	0	12.91	0	20.44	0	0	24.57	0	20.46	0	11.04	8.78	0	6.39	15.7	17.01	34.16	0	NC
Arabinofuranose, 1,2,3,5-tetrakis-O-(trimethylsilyl)-	0.306475525966344	0.229235640450615	0.0722369742261719	0.0724906744711369	31.54444	27.28020	1.15631263700413	0.209531517972856	103	0.555432363212684	0.851662956926115	35.264	28.948	30.156	38.348	63.362	54.09	24.444	18.916	29.932	25.344	23.754	23.506	24.26	23.988	33.302	38.108	25.236	26.842	29.676	28.97	35.644	35.894	17.594	21.1	27.054	27.958	21.29	27.622	NC
Arabitol, pentakis(trimethylsilyl)-	NA	NA	NA	NA	125.6856	 62.2640	2.01859180264679	1.01334920000225	116	0.217908249050564	0.543949178559473	203.47	0	241.68	297.75	293.85	32.55	45.45	55.83	0	0	171.86	206.24	180.38	74.24	228.66	176.57	0	53.81	62.04	74.59	188	137.57	29.93	0	0	0	68.01	62.5	NC
Arachidonic acid, TMS	0.0963881770734826	0.192894684560161	0.0227189112116231	0.0609986551749823	533.120	504.518	1.05669173349613	0.0795545636450555	112	0.308478097036449	0.640150035955338	544.08	545.42	497.63	554.02	623.23	617.37	499.38	542.29	552.51	582.45	509.61	537.76	441.95	481	480.08	609.08	492.93	485.37	486.6	488.58	596.19	624.44	373.87	400.72	662.34	537.92	436.74	437.78	NC
Asparagine, O,O',N-tris(trimethylsilyl)-	0.293279182146283	NA	0.0691265661588271	NA	16.0250	 6.5705	2.4389315881592	1.28624929121828	171	0.000112557506632809	0.00683226547888202	14.185	13.435	7.945	9.63	18.71	17.865	14.525	14.265	12.84	12.67	25.575	24.58	16.205	16.415	18	21.845	15.715	14.045	10.735	10.42	8.325	0	8.035	7.345	0	0	11.645	9.2	UP
Aspartic acid, 3TMS	0.00915295493360876	0.011741131638095	0.00215737216714987	0.00371287182842441	256.2939	258.3850	0.991907037947249	-0.0117231780826762	54	0.0889447699516349	0.327316753422017	256.69	256.88	254.92	255.64	253.62	254.25	253.93	253.54	254.53	253.87	259.92	260.08	259.69	260.56	255.71	256.64	256.24	256.58	263.17	261.58	256.86	256.35	260.16	258.26	253.52	254.77	260.01	259.17	NC
Azelaic acid, bis(trimethylsilyl) ester	0.216682935066707	0.376389575823876	0.0510726575843576	0.11902483471481	14.265	16.672	0.855626199616123	-0.224947435809426	92	0.943709532267884	0.992002945964773	9.32	9.86	16.12	17.83	9.97	10.18	12.82	12.96	15.19	14.65	15.09	15.54	15.56	15.33	14.56	17.52	19.17	15.1	12.92	10.46	12.65	13.48	30.95	27.7	20.12	12	11.8	14.64	NC
Benzeneacetic acid, trimethylsilyl ester	NA	NA	NA	NA	4.948611	7.970500	0.620865817702779	-0.687646589810513	74.5	0.453791671186327	0.776449961521732	0	0	7.25	7.775	0	0	6.16	5.83	14.435	12.975	0	0	0	0	12.16	0	11.655	10.835	0	4.275	0	0	2.305	3.13	18.5	18.01	7.16	26.325	NC
Benzenepropanoic acid, 4-[(trimethylsilyl)oxy]-à-[[(trimethylsilyl)oxy]imino]-, trimethylsilyl ester	NA	0.796995718400413	NA	0.252032175554748	5.685556	6.391000	0.889619151932405	-0.168740247810109	79	0.611916885074599	0.872040754995849	4.06	4.65	0	0	0	0	7.21	17.91	5.6	4.89	2.64	0	10.59	9.77	0	0	16.94	18.08	3.35	2.4	1.83	2.33	5.18	5.88	3.86	3.36	16.65	19.07	NC
Benzenepropanoic acid, à-[[(trimethylsilyl)oxy]imino]-, trimethylsilyl ester	NA	NA	NA	NA	18.83389	19.25000	0.978383896103896	-0.0315274371404717	86	0.862569543486171	0.967760951228387	101.81	22.21	39.81	44.55	0	49.6	0	0	0	0	8.72	22.99	7.09	15.19	12.46	0	14.58	0	24.69	0	20.44	45.35	0	0	9.44	76.88	15.7	0	NC
Benzoic acid, 2-[(trimethylsilyl)oxy]-, trimethylsilyl ester	0.201991534773029	0.320674015322048	0.0476098613267623	0.10140602748494	18.09611	18.07900	1.00094640190276	0.00136472364508702	81	0.688785813728605	0.872040754995849	17.62	14.735	14.27	14.095	22.1	18.47	15.52	21.96	23.205	20.56	20.595	25.885	14.42	13.98	14.365	20.045	15.17	18.735	16.87	18.885	15.465	18.99	24.285	20.875	10.525	9.57	21.76	23.565	NC
Bis(dimethyl-t-butylsilyl) maleate	NA	NA	NA	NA	11.86111	19.22400	0.616994902205576	-0.696669525436685	66	0.235056393239339	0.55927210805222	0	0	0	0	0	0	30.19	0	19.08	32.42	0	0	0	23.79	28.6	31.44	20.01	27.97	23.88	0	26.89	19.78	27.48	24.02	0	36.78	33.41	0	NC
Bis(trimethyl) derivative of 5-Hydroxyhexanoic acid	NA	NA	NA	NA	11.57111	 8.65900	1.33631019748239	0.418254939267132	105	0.463758401005895	0.776449961521732	0	0	0	24.27	0	0	15.72	18.65	22	20.64	16.06	15.3	19.86	18.83	0	17.72	0	19.23	16.13	0	0	0	0	0	20.49	0	18.07	31.9	NC
Bis(trimethylsilyl)monostearin	NA	NA	NA	NA	7.015556	4.217000	1.66363670856059	0.734340423875482	105.5	0.4617280131572	0.776449961521732	0	3.8	10.11	15.2	8.02	0	0	4.2	11.01	9.59	22.87	15.36	19.13	0	0	0	6.99	0	0	1.71	0	0	6.15	5.67	14.51	3.04	5.54	5.55	NC
Butanal, 2,3,4-tris[(trimethylsilyl)oxy]-, O-methyloxime, [R-(R*,R*)]-	1.15749274285816	1.53822275459439	0.272823655883075	0.486428745321651	1472.092	1284.922	1.14566642955759	0.196187052406461	95	0.832196483912731	0.953054894439476	397.588888888889	1230.96555555556	582.931111111111	1797.19	869.315555555556	42.8844444444444	387.311111111111	1297.00333333333	1431.05555555556	3532.74222222222	936.328888888889	1181.45333333333	2077.59	683.464444444444	2114.55444444444	3019.28222222222	144.115555555556	4771.88333333333	1241.83111111111	3390.47222222222	52.5044444444444	583.91	103.091111111111	1429.20111111111	1902.21666666667	2326.00222222222	86.7866666666667	1733.20888888889	NC
Butane, 1,2,3-tris(trimethylsiloxy)-	NA	NA	NA	NA	15.86574	17.46967	0.908187733368747	-0.138937544061683	81.5	0.700906862499156	0.883334676026334	24.8733333333333	27.9166666666667	0	48.6566666666667	0	0	15.52	2.92333333333333	6.12	14.42	17.95	15.34	3.76333333333333	17.76	47.1233333333333	5.08666666666667	32.77	5.36	7.53666666666667	2.79	27.7533333333333	0	15.1633333333333	19.4333333333333	32.2233333333333	39.3433333333333	25.76	4.69333333333333	NC
Butane, 2,3-bis(trimethylsiloxy)-	NA	NA	NA	NA	6.587778	6.648000	0.990941335740072	-0.0131284432697806	83	0.755143433573777	0.923437517733831	9.21	7.15	9.09	14.78	0	0	3.7	3.94	9.3	9.27	6.32	6.21	2.11	2.47	7.27	7.5	9.53	10.73	7.54	7.87	11.07	10.1	0	1.63	4.59	5.12	8.46	10.1	NC
Butanedioic acid, methyl-, bis(trimethylsilyl) ester	NA	NA	NA	NA	12.41222	11.91500	1.04173059169115	0.0589822216802384	88.5	0.961574685270447	0.992002945964773	15.57	0	8.72	8.79	0	13.38	0	14.59	28.36	16.41	15.36	22.36	16.31	11.78	13.59	15.25	12.27	10.68	12.06	15.94	0	13.73	29.52	17.37	10.81	0	0	19.72	NC
Butanedioic acid, methylene-, bis(trimethylsilyl) ester	0.342605007692231	0.228790919368446	0.080752774735882	0.072350041316822	2038.439	1876.860	1.08609006532187	0.119143745320439	125	0.0986644171998863	0.353654274638553	1254.55	1057.44	964.13	1161.74	2413.34	2238.96	2450.85	2523.09	2327.81	2451.82	2544.47	2333.89	2678.11	2366.93	2234.23	2480.74	1649.25	1560.55	2145.76	2101.36	2023.01	2234.41	2275.5	2042.81	1151.64	1391.07	1550.68	1852.36	NC
Butanedioic acid, oxo(trimethylsilyl)-, bis(trimethylsilyl) ester	NA	NA	NA	NA	16.79278	16.43700	1.02164506905153	0.0308940748899095	95	0.826345450115048	0.953054894439476	20.02	19.12	15.35	19.68	34.87	31.01	29.99	30.88	24.19	0	0	27.91	0	0	27.08	0	0	22.17	25.24	0	22.19	0	18.75	22.91	16.96	0	28.78	29.54	NC
Butanoic acid, 2-(methoxyimino)-3-methyl-, trimethylsilyl ester	0.105174274591148	0.226028294544355	0.0247898142565923	0.0714764226403573	210.7792	196.1185	1.07475429396003	0.10400687432444	111	0.331800007772548	0.658825914713836	222.2725	183.12	186.4625	191.7525	209.68	185.0225	212.665	228.6075	215.38	194.8675	187.18	231.045	222.6375	180.6975	221.0175	253.195	245.705	222.7175	150.5	207.2975	185.9875	189.18	137.855	151.2775	188.3125	224.395	250.44	275.94	NC
Butanoic acid, 2-methyl-, trimethylsilyl ester	NA	NA	NA	NA	6.265556	2.185000	2.86753135011442	1.5198092590074	124	0.0943254246641414	0.342550226411882	10.89	5.64	0	8.86	6	1.65	6.2	10.2	0	10.83	0	23.74	0	3.08	0	10.41	0	15.28	5.66	6.53	0	0	0	6.61	0	0	3.05	0	NC
Butanoic acid, 2-methyl-2-[(trimethylsilyl)oxy]-, trimethylsilyl ester	NA	NA	NA	NA	101.0478	 65.6980	1.53806508569515	0.621116554549972	102	0.53154468774952	0.843139849533721	0	0	57.76	0	144.95	128.2	0	0	0	0	132.15	153.18	9.96	0	510.39	682.27	0	0	0	0	0	101.06	0	148.42	0	0	407.5	0	NC
Butanoic acid, 2-methyl-3-[(trimethylsilyl)oxy]-, trimethylsilyl ester	NA	NA	NA	NA	2.773889	5.195000	0.533953609239654	-0.905213691227726	71.5	0.382593177369482	0.703971446359848	4.37	0	4.79	5.65	3.79	3.39	5.4	5.21	7	0	3.66	3.19	0	0	0	0	3.48	0	3.35	0	3.34	6.6	3.77	19.69	3.67	4.32	3.24	3.97	NC
Butanoic acid, 2,2-dimethyl-3-[(trimethylsilyl)oxy]-, trimethylsilyl ester	NA	NA	NA	NA	33.50389	28.39300	1.18000528299229	0.238793318680096	120	0.152441625613342	0.457324876840026	0	33.84	34.47	0	0	38.39	38.97	48.73	41.03	43.38	0	31.21	43.68	94.66	34.6	40.33	42.22	37.56	0	0	30.72	15.11	0	0	34.41	40.56	35.47	127.66	NC
Butanoic acid, 4-[(trimethylsilyl)oxy]-, trimethylsilyl ester	NA	NA	NA	NA	14.76111	11.51500	1.28190273556231	0.358286801546919	102	0.58085323250857	0.871952948014068	14.84	13.08	40.71	24.57	19.07	16.16	0	12.33	17.12	14.22	10.4	8.88	14.05	0	14.51	14.12	15.6	16.04	11.75	10.68	16.11	0	15.36	14.99	0	12.3	17.6	16.36	NC
Butanoic acid, 4-[bis(trimethylsilyl)amino]-, trimethylsilyl ester	NA	0.180670254468994	NA	0.0571329509564236	6.091111	5.636000	1.08075070972321	0.112033783644244	112	0.302348222744004	0.637008469292711	6.95	0	15.66	11.52	0	4.06	6.39	5.59	7.52	8.36	6.45	6.25	5.11	7.32	6.4	0	6.26	5.8	6.18	5.71	6.21	5.37	4.59	4.2	4.49	5.73	6.44	7.44	NC
Butanoic acid, trimethylsilyl ester	NA	NA	NA	NA	5.016111	7.623000	0.658023219205037	-0.603789602657941	63	0.193506918276657	0.503848202305257	9.19	6.41	0	0	8.44	8.69	0	6.04	0	0	9.94	9.67	0	0	0	9.64	10.31	11.96	6.66	6.79	6.3	6.56	0	0	11.19	11.64	13.54	13.55	NC
Cholesterol, TMS	0.152751031706434	0.130202397124268	0.0360037634509537	0.0411736131726443	12127.72	11781.10	1.02942170085985	0.0418341009006183	99	0.688785813728605	0.872040754995849	10885.35	11419.43	13510.01	14268.98	14269.78	14580.66	8675.13	9057.3	14419.27	14131.55	11564.16	11917.9	10698.79	10867.81	11763.28	12618.87	11762.63	11888.04	11053.74	10949.34	14345.54	14521.88	10028.35	9790.25	12088.09	11673.34	11768.74	11591.77	NC
Cinnamic acid, m-(trimethylsiloxy)-, methyl ester	0.11024802815784	0.120211924686619	0.0259857094409513	0.038014348392234	60.59056	60.48900	1.00167898295558	0.00242022919004529	93	0.906310775418327	0.992002945964773	54.97	50.25	49.96	57.51	67.48	59.14	60.67	62.6	64.89	67.02	55.57	59.44	67.56	66.61	52.7	55.25	70.45	68.56	60.55	59.28	50.31	55.22	74.3	67.38	52.33	58.14	60.11	67.27	NC
Citrulline, tetra(trimethylsilyl)-	NA	NA	NA	NA	64.70444	52.41600	1.23444062881563	0.303857450840328	120	0.157012341374004	0.459686804423647	57.55	54.18	43.98	47.37	115.65	98.41	98.08	101.17	52.96	64.02	0	0	77.01	73.94	78.83	74.16	67.94	59.43	77.98	62.98	46.4	54.24	0	52.27	46.47	55.76	56.76	71.3	NC
Cyclohexanecarboxylic acid, trimethylsilyl ester	0.800871677128139	NA	0.18876726458585	NA	10.15889	 6.39950	1.58745058207672	0.66671168095406	126	0.0886939593747215	0.327316753422017	3.645	17.85	6.385	7.31	1.45	1.16	11.165	13.7	11.735	12.455	5.21	9.145	14.71	14.845	7.8	9.325	17.365	17.605	4.1	7.07	13.075	14.245	4.285	8.28	0	1.975	10.965	0	NC
Cyclohexene, 3,3-dimethyl-1-(trimethylsilyloxy)-	0.388013738936041	NA	0.0914557153317404	NA	3.593333	2.665000	1.3483425891182	0.43118710544146	120	0.159891062408225	0.459686804423647	2.84	2.45	1.59	2.52	6.99	6.35	2.27	2.98	2.59	2.97	2.31	3.89	4.79	4.46	4.18	5.11	3.22	3.17	2.35	2.53	4.81	5.37	0	0.83	2.02	1.8	2.95	3.99	NC
Cyclopentanecarboxylic acid, 1-amino-, bis(trimethylsilyl) deriv.	NA	NA	NA	NA	4.082222	2.635000	1.54923036053131	0.631551679496435	140	0.0173189665775514	0.151011986418685	4.37	4.28	0	0	0	4.19	4.14	5.98	6.63	3.86	4.86	4.88	5.01	5.43	3.54	4.23	7.31	4.77	2.86	2.08	0	0	4.22	3.8	2.59	3.66	2.69	4.45	NC
Cyclopentene, 3-methyl-1-(trimethylsilyloxy)-	0.619005630353027	0.651477174654477	0.14590102627176	0.206015171551947	36.37986	20.07775	1.81194904807561	0.85754238743594	146	0.00613284503444687	0.0677066091802934	34.4175	20.3275	7.03	7.8975	51.0025	40.5525	38.06	43.7875	22.9525	21.22	61.33	55.5475	56.98	53.1525	31.615	35.46	38.1275	35.3775	23.6025	19.735	5.665	5.56	29.255	37.775	13.1575	25.83	21.225	18.9725	NC
Cyclopropane, 2-methylene-1-trimethylsilyl-1-(1-trimethylsilyloxy)ethenyl-	0.141910577291483	NA	0.0334486438416351	NA	8.472778	7.862000	1.07768735690664	0.10793870493653	67.5	0.291309839343922	0.626350489721665	7.13	5.56	8.31	8.57	8.15	9.5	7.92	10.27	8.88	9.24	10.11	8.15	8.6	8.34	7.78	7.8	9.85	8.35	8.63	8.13	0	0	11.15	9.85	12.12	9.63	9.77	9.34	NC
D-Fructose, 1,3,4,5,6-pentakis-O-(trimethylsilyl)-, O-methyloxime	0.305630439937593	0.32822047472144	0.0720377855389667	0.103792427482147	92.87667	88.37800	1.05090260019462	0.0716289635648277	97	0.759493900454999	0.923437517733831	102.06	88.27	103.32	121.24	148.23	127.18	63.08	65.06	103.4	113.45	83.58	86.12	54.16	52.39	74.48	64.49	115.36	105.91	95.51	91.39	104.54	110.2	83.15	74.17	44.33	52.88	109.28	118.33	NC
d-Galactose, 2,3,4,5,6-pentakis-O-(trimethylsilyl)-, o-methyloxyme, (1E)-	NA	NA	NA	NA	5707.011	5254.230	1.08617456791956	0.119255988991699	91	0.980863538608015	0.992002945964773	10744.86	17919.615	13321.44	5927.07	2014.295	10795.7	426.01	452.705	3386.91	1723.22	2240.605	7843.135	5679.365	11304.645	361.73	0	8584.885	0	3025.29	4724.79	4080.97	5179.5	0	5570.015	14206	9888.11	1414.58	4453.045	NC
D-Galactose, 6-deoxy-2,3,4,5-tetrakis-O-(trimethylsilyl)-, O-methyloxime	0.510403620322674	0.597522842099483	0.120303287024109	0.188953313501151	37.39556	32.03500	1.16733447791478	0.223217997625844	109	0.381642461276328	0.703971446359848	34.6	31.64	42.2	44.18	66.6	59.85	18.2	18.71	52.65	51.13	27.12	27.84	12.01	12.58	41.46	42.68	50.91	38.76	33.35	32.71	43.01	45.44	10.24	9.05	30.48	26.89	40.08	49.1	NC
D-Turanose, heptakis(trimethylsilyl)-	NA	NA	NA	NA	2.545	2.539	1.00236313509256	0.00340526131555741	99.5	0.658776768345648	0.872040754995849	0	0	3.14	3.73	0	3.44	0	0	2.27	2.45	2.83	2.9	1.95	1.85	5.29	5.87	4.59	5.5	0	0	8.61	5.1	5.22	4.98	0	0	1.48	0	NC
D-Xylopyranose, 1,2,3,4-tetrakis-O-(trimethylsilyl)-	NA	0.907190485741673	NA	0.286878820657819	6296.489	6737.406	0.934556860607777	-0.0976456513328874	116	0.225868258362538	0.546838941298775	3666.42	3191.04	0	22517.82	16522.95	10134.96	5667.02	3845.95	4849.11	5115.24	5168.83	5493.99	3368.38	5140	1820.4	3771.8	6078.49	6984.4	3805.17	1594.37	3703.3	1128.41	3984.11	3554.1	4055.67	4939.64	36527.66	4081.63	NC
Diethylamine, 2,2'-bis(trimethylsiloxy)-	NA	NA	NA	NA	15.04611	14.56500	1.03303192584964	0.0468848413793654	107	0.423497868906719	0.744356436151916	25.34	0	0	0	0	0	19.93	12.17	26.33	22.93	20.26	22.97	23.26	27.67	20.22	24.35	25.4	0	23.8	13.58	18.47	16.09	22.58	16.97	0	0	22.46	11.7	NC
Dimethyl(trimethylsilylmethyl)ethoxysilane	NA	NA	NA	NA	2.706111	1.535000	1.76293876221498	0.817982361791859	161.5	0.000660217916987563	0.0140169342375821	2.63	2.03	0	1.18	2.53	2.23	3.59	3.96	2.76	2.8	2.59	2.57	3.35	3.21	3.39	3.83	3.29	2.77	1.38	1.38	0	1.08	1.94	1.85	1.82	2.05	1.85	2	NC
Erythro-Pentonic acid, 2-deoxy-3,4,5-tris-O-(trimethylsilyl)-, trimethylsilyl ester	0.41190073530824	0.648000318058016	0.0970859343707272	0.204915692957687	18.8400	17.3905	1.08335010494235	0.115499552309038	126	0.0886939593747215	0.327316753422017	13.18	23.74	16.295	19.965	66.13	20.1	15.635	12.595	17.775	22.965	10.085	17.705	17.32	13.125	12.48	13.445	13.855	12.725	60.73	6.31	15.625	16.545	10.065	8.785	8.785	10.695	11.89	24.475	NC
Erythrose, O-methyloxime, tris-O-(trimethylsilyl)-	0.405139328107509	0.266099924610152	0.0954922554100605	0.0841481846967172	8.700556	7.622000	1.14150564156389	0.190937989686254	93	0.906310775418327	0.992002945964773	7.96	7.09	11.25	14.09	18.32	16.74	5.13	9.56	4.91	5.35	6.02	6.26	5.79	5.64	8.9	9.87	7.27	6.46	6.54	6.58	10.06	10.79	4.9	4.98	7.87	8.95	7.73	7.82	NC
Galacturonic acid, pentakis(trimethylsilyl)-	NA	NA	NA	NA	43.34667	48.09400	0.90129059757974	-0.149935754561268	87	0.904537421238462	0.992002945964773	47.78	75.95	26.74	27.78	76.21	52.01	8.68	9.42	49.67	45.75	36.22	36.23	22.7	44.01	0	74.48	81.43	65.18	42.73	48.55	53.2	51.76	44.48	11.02	0	0	110.14	119.06	NC
Gluconic acid, gamma-lactone, 5-methoximine, tri(trimethylsilyl)-	0.40167337643337	0.422669965346111	0.0946753227660441	0.133659978903815	77.115	74.411	1.03633871336227	0.0514956055566496	97	0.755273240335499	0.923437517733831	72.4	62.82	96.34	131.89	171.33	124.46	51.77	41.93	45.69	55.21	45.5	49.41	57.61	58.22	81.19	96.12	71.38	74.8	44.21	48.63	129.45	140.33	44.21	46.27	75.12	67.83	67.82	80.24	NC
Glucopyranose, pentakis-O-trimethylsilyl-	0.521469017825374	0.557509829819819	0.12291142622767	0.176300088016349	1770.382	1896.901	0.933302265115575	-0.099583697882745	85	0.832196483912731	0.953054894439476	1558.89666666667	1640.27333333333	2075.84333333333	2190.80333333333	2114.24	1122.09	490.14	2005.65333333333	1864.93	1930.3	2841.08	2045.00333333333	1848.96666666667	504.516666666667	751.823333333333	2220.86666666667	1930.12666666667	2731.32	2521.12	555.326666666667	3559.65666666667	929.013333333333	1793.95666666667	1155.54333333333	1502.44666666667	1978.16	2409.22666666667	2564.56333333333	NC
Glucose oxime hexakis(trimethylsilyl)	0.658481355370549	0.759661786962068	0.155205543889141	0.240226149819374	5458.22	6309.60	0.86506593127932	-0.209118002479191	71	0.381642461276328	0.703971446359848	6583.37	14415.8166666667	7064.95666666667	1625.18666666667	4902.50333333333	5294.08333333333	2304.83666666667	10546.8466666667	3932.66333333333	2761.09666666667	3139.12333333333	4319.04333333333	3496.65	7571.03333333333	5477.12666666667	7390.62	6432.31	990.686666666667	4064.58666666667	1172.92333333333	6955.44333333333	9936.25	1776.00666666667	8356.14	8384.29333333333	9434.93333333333	3718.73	9296.69333333333	NC
Glutamic acid, 3TMS	0.375587531928232	0.381732855376342	0.0885268302518572	0.120714528070889	 618.8528	1027.5630	0.602252903228318	-0.731558651732041	31	0.00364364849490708	0.0478879516473501	605.75	612.16	1312	1354.47	397.55	393.56	419.43	407.71	448.88	433.46	588.94	575.85	413.09	421.47	666.81	702.17	698.45	687.6	1126.65	1091.71	1671.91	1554.78	757.75	754.86	540.54	583.23	1130.28	1063.92	NC
Glutamine, TMS	0.0699379294878256	0.0335768636762327	0.0164845280676627	0.010617936590187	1767.082	1623.520	1.08842638218193	0.122243831363728	164	0.00013259052160654	0.00683226547888202	1720.79	1743.55	1550.48	1552.56	1743.47	1741.8	1812.55	1791.37	1743.35	1727.8	2047.76	2039.48	1822.82	1831.97	1740.78	1768.03	1716.76	1712.16	1657.66	1648.4	1541.79	1537.86	1686.43	1683.08	1586.02	1602.23	1653.39	1638.34	NC
Glyceric acid-3-phosphate (4TMS)	0.248074399226211	0.284833912542557	0.0584716966438775	0.0900723918491683	126.7428	109.6540	1.15584292410674	0.208945352847615	122	0.132742467296243	0.421114034181185	87.68	84.77	71.04	102.54	160.48	162.52	119.22	132.95	100.8	116.65	128.6	165.38	140.91	144.67	131.76	172.1	124.2	135.1	110.54	112.88	123	148.61	66.02	70.24	92.19	96.26	120.99	155.81	NC
Glycerol-3-phosphate (4TMS)	0.331412395483086	0.361257877669212	0.078114650738456	0.114239771611319	12.19556	11.52200	1.05845860093734	0.0819648429020393	99	0.688785813728605	0.872040754995849	8.71	8.57	5.53	7.02	18.21	16.61	14.13	13.22	7.88	10.15	13.69	14.39	13.23	15.1	12.9	17.33	11.88	10.97	15.84	12.11	13.39	15.5	8.43	7.18	5.47	9.92	11.83	15.55	NC
Glycine, 3TMS	0.19308888730628	0.186201356635657	0.0455114871953453	0.0588820390381983	194.7494	164.0580	1.18707652171793	0.247412937460579	134	0.0353122087675863	0.211873252605518	199.47	195.21	196.5	208.67	134.78	138.36	196.94	202.99	161.9	148.41	276.48	260.97	202.33	186.29	165.89	187.75	219.18	223.37	178	172.05	197.17	197.4	165.81	144.97	118.97	117.55	175.7	172.96	NC
Glycine, N-(2-methyl-1-oxopropyl)-, trimethylsilyl ester	NA	NA	NA	NA	4.765556	4.141000	1.15082250664091	0.202665341259107	94	0.855294300297957	0.965289276392804	7.07	6.69	0	0	0	0	0	18.14	9.74	9.84	0	0	11.99	0	0	9.48	12.83	0	8.7	0	0	7.82	5.74	0	0	0	8.31	10.84	NC
Glycine, N-(trimethylsilyl)-, trimethylsilyl ester	NA	NA	NA	NA	 9.251667	10.291000	0.899005635992615	-0.153597934661423	81	0.683444701459569	0.872040754995849	13.37	0	16.53	1.755	15.075	14.42	11.705	10.43	11.88	11.835	14.9	14.445	7.4	5.31	0.865	0	1.05	15.56	3.625	2.895	25.89	18.54	18.935	19.005	3.23	1.61	9.18	0	NC
Glycine, N-acetyl-, trimethylsilyl ester	NA	NA	NA	NA	10.955	 6.441	1.70082285359416	0.766232887297653	101.5	0.582767746909253	0.871952948014068	0	0	13.89	0	11.82	13.61	7.21	0	0	0	16.17	11.57	12.11	12.85	0	23.96	40.41	33.59	0	0	0	0	16.93	14.52	13.01	13.84	0	6.11	NC
Glycine, N-formyl-, trimethylsilyl ester	0.330080451460739	0.302288234641013	0.0778007085216686	0.0955919331337013	12.52556	18.97400	0.660143354063455	-0.599148746569108	29	0.00251967711921945	0.0366016255212931	13.79	11.24	12.6	12.85	6.72	6.03	8.18	10.01	11.39	11.32	15.42	14.02	19.37	19.44	9.35	10.96	17.97	14.8	22.46	20.01	13.82	15.37	29.97	21.46	11.22	13.23	19.53	22.67	NC
Glyoxime, bis(trimethylsilyl)-	0.633242977241399	0.66774510359512	0.149256801115384	0.211159542378567	25.63389	30.99200	0.827113125967992	-0.273843431619616	75	0.493672003054154	0.801491016723215	39.54	12.785	36.88	43.4	17.025	28.315	12.115	15.665	17.46	14.72	6.62	17.575	35.79	18.8	50.54	70.995	12.57	10.615	12.455	10.86	51.005	57.435	27.485	30.675	10.555	47.12	44.495	17.835	NC
Hexadecanoic acid, 1,1-dimethylethyl ester	NA	NA	NA	NA	63.63778	41.44200	1.53558660296318	0.618789878736616	96	0.781081344460299	0.940978062867525	0	14.51	0	34.94	0	238.38	0	76.04	0	0	100.66	408.33	0	33.12	0	162.14	0	77.36	0	21.42	0	12.09	27.63	29.55	0	25.07	0	298.66	NC
Hexadecanoic acid, 2,3-bis[(trimethylsilyl)oxy]propyl ester	0.803818665643968	0.984608089821357	0.189461876440391	0.311360416646314	263.3333	168.7080	1.56088211584513	0.64236158324299	119	0.174884459552652	0.468622435306135	154.59	137.26	444.46	543.77	212.62	149.79	144.3	149.15	774.85	821.53	51.6	57.3	90.54	76.21	242.12	234.18	227.53	228.2	88.22	98.08	432.83	477.1	25.92	27.15	82.29	95.35	185.45	174.69	NC
Hexadecanoic acid, 3,7,11,15-tetramethyl-, trimethylsilyl ester	0.2219238680897	0.212117873622725	0.0523079573444586	0.0670775613079563	13.570	12.219	1.11056551272608	0.151294500581643	108	0.408140905623743	0.731473311377617	17.72	14.26	10.7	13.57	18.12	17.95	10.29	10.79	11.77	16.8	11.29	13	9.62	10.19	14.73	17.89	14.39	11.18	14.28	15.09	11.32	12.93	8.61	8.19	14.1	13.88	11.07	12.72	NC
Hexestrol di-TMS	0.0990972513424366	0.0907933478253131	0.0233574461403949	0.0287113775519885	36.06833	34.00300	1.06073964061995	0.0850705890701251	129	0.0641767081126349	0.29521285731812	32.89	27.57	32.38	37.15	40.2	36.24	34.99	40.09	36.47	35.38	33.76	35.6	34.33	35.57	36.1	41.92	41.4	37.19	30.52	30.69	33.23	34.98	34.53	30.89	32.8	36.97	34.68	40.74	NC
Isoleucine, 2TMS	0.119115233259339	0.0939224293191049	0.0280757297267652	0.0297008800024549	251.0283	226.8490	1.10658764199974	0.146117717448189	141	0.0135003059488185	0.128485670409445	238.85	240.29	224.55	228.63	237.55	241.44	319.3	303.61	274.7	262.98	297.56	285.18	232.51	228.08	217.36	228.44	225.41	232.07	265.55	258.92	223.41	224.38	228.16	218.54	195.63	202.76	230.31	220.83	NC
L-Methionine, ethyl ester	0.30637814136321	0.27268633442527	0.0722140204550854	0.0862309903586234	122.8728	 73.8730	1.66329782193765	0.734046513642174	160	0.000369881834412727	0.0113430429219903	137.11	109.89	54.16	59.71	98.62	88.65	142.23	147.17	124.29	128.65	152.55	146.77	130.44	116.61	130.89	146.21	153.5	144.26	89.84	92.24	47.53	48.85	76.78	71.01	55.07	67.69	89.72	100	NC
L-Proline, 1-(trimethylsilyl)-4-[(trimethylsilyl)oxy]-, trimethylsilyl ester, trans-	0.191208018239289	0.174274178007371	0.0450681621047476	0.0551103339856918	45.570	33.451	1.36229111237332	0.446035030442505	164	0.00013259052160654	0.00683226547888202	42.66	37.02	35.52	41.03	48.42	42.31	38.33	35.79	35.8	34.88	52.74	52.82	58.23	60.79	53.06	59.11	47.31	44.44	35.11	33.31	31.55	32.47	32.39	33.27	22.52	30.24	40.89	42.76	NC
L-Proline, 5-oxo-1-(trimethylsilyl)-, trimethylsilyl ester	0.168024967387373	0.196928996734131	0.0396038646160867	0.0622744167011715	1007.348	1056.473	0.953500941339722	-0.0686937320541255	69	0.331800007772548	0.658825914713836	910	794.9	1050.73	1238.325	772.875	679.775	906.505	922.17	920.45	936.52	1134.755	1202.85	1130.695	1100.37	1014.485	1109.55	1191.32	1115.985	957.525	958.24	1232.84	1285.055	1180.95	1052.635	705.315	820.395	1129.18	1242.595	NC
l-Threonine, O-(trimethylsilyl)-, trimethylsilyl ester	NA	NA	NA	NA	955.7678	772.0950	1.23788886082671	0.307881793444184	105	0.483545696898843	0.801491016723215	1234.82	920.89	561.18	686.6	1011.53	824.25	0	0	1082.19	0	1824.56	1496.06	0	0	1621.64	1594.86	2245.5	2099.74	943.12	0	534.83	522.63	884.96	649.04	0	742.16	1640.74	1803.47	NC
L-Tryptophan, N,1-bis(trimethylsilyl)-, trimethylsilyl ester	0.387125030877603	0.380096944098969	0.0912462448335348	0.120197207502244	250.1339	173.5630	1.44117064120809	0.527241167330493	142	0.0116146248869361	0.114487016742656	230.13	210.91	127.84	144.68	368.83	322.69	271.16	245.36	110.57	119.8	292.11	295.87	283.63	274.43	349.12	392.14	239.08	224.06	250.24	247.71	184.59	198.54	115.44	111.74	88.72	115.43	209.81	213.41	NC
l-Valine, trimethylsilyl ester	0.598217218600316	0.17364767513501	0.141001150631613	0.0549122163819618	564.2269	597.5815	0.944184015067401	-0.0828600364087074	89	0.981220305247765	0.992002945964773	763.005	599.39	601.18	662.82	467.115	394.015	783.68	916.545	715.265	792.185	515.65	480.585	201.37	181.575	185.71	157.02	929.22	809.755	422.19	548.995	551.695	559.065	710.615	616.01	512.125	613.95	667.435	773.735	NC
Lactic acid, 2TMS	0.854118688816283	0.737915306855618	0.201317705600052	0.233349308996581	215.5206	238.2720	0.904515008058018	-0.144783654095854	80	0.654352360073184	0.872040754995849	380.47	343.97	325.81	369.83	316.05	270.83	41.22	37.13	179.18	178.78	111.27	71.94	58.03	49.7	172.32	126.13	425.54	421.17	120.21	87.65	74.89	68.22	328.69	294.56	433.9	477.36	228.83	268.41	NC
Leucine, 2TMS	0.177497948356145	0.129142953713941	0.0418366676431099	0.0408385877497756	465.705	414.714	1.12295461450542	0.167299620747318	121	0.145849726170092	0.442357411241159	413.27	435.23	341.1	349.91	448.31	447.26	664.31	603.72	493.09	457.62	597.42	554.55	424.01	432.36	398.48	453.41	427.73	440.91	498.12	486.62	372.18	374.35	429.82	406.28	349.29	349.66	454.05	426.77	NC
Linoleic acid, TMS	0.125597114490835	0.110553439674328	0.0296035237846442	0.0349600672536899	40.59333	34.16600	1.18812064625651	0.248681340278856	158	0.000590713634191895	0.0135864135864136	34.27	29.54	38.48	41.51	43.41	42.73	40.39	43.97	44.19	45.71	35.69	40.88	35.71	39.84	47.25	49.58	39.37	38.16	28.17	27.98	34.31	36.89	32.95	34.77	37.81	37.6	34.22	36.96	NC
Lysine, 4TMS	NA	NA	NA	NA	279.6228	297.8270	0.938876596144742	-0.0909925491805172	84	0.791027244824291	0.940978062867525	556.14	587.27	0	0	0	0	277.95	283.12	255.95	245.08	366.79	328.78	201.96	192.07	492.39	528.78	359.76	357.17	567.32	565.35	0	0	132.45	138.6	352.31	334.55	465.93	421.76	NC
Methionine, 2TMS	0.0551704774395856	0.0428924485627689	0.0130038062396101	0.0135637831879965	345.6356	315.9530	1.09394625149943	0.129541856411881	168	4.09963796691485e-05	0.0056575003943425	345.83	350.95	307.14	307.55	342.36	343.88	352.85	349.23	340.58	337.45	383.74	380.29	340.11	341.6	350.53	360.55	343.07	343.73	336.14	332.63	304.9	303.72	309.28	310.56	301.76	304.23	330.4	325.91	NC
Methyl cis-2-trimethylsilyl-cyclopropane-1-carboxylate	NA	NA	NA	NA	489.0756	352.8050	1.38624906109607	0.471186483252628	115	0.237860357151776	0.56103616147622	800.69	0	550.12	424.98	876.6	745.98	869.16	746.21	0	256.74	1242.91	726.91	0	0	398.16	701.23	244.2	219.47	613.18	1192.07	389.05	232.63	210.55	384.83	0	114.33	391.41	0	NC
Methylmaleic acid, bis(trimethylsilyl) ester	NA	NA	NA	NA	73.22722	27.76500	2.63739312083558	1.39911263043982	120	0.116927379378483	0.398419218622978	88.55	76.9	68.06	86.13	0	0	0	191.59	0	0	201.96	185.16	192.66	0	0	0	112.48	114.6	0	0	162.2	0	0	0	0	0	115.45	0	NC
Myristic acid, 2,3-bis(trimethylsiloxy)propyl ester	NA	NA	NA	NA	33.92278	17.42600	1.94667623091932	0.961012956534467	136	0.0290539995021525	0.182386029043633	17.21	15.56	60.22	75.84	23.7	22.13	15.62	16.15	119.46	138.81	11.15	12.46	6.61	0	19.74	24.23	17.16	14.56	11.82	8.2	59.93	60.73	0	0	3.64	3.63	12	14.31	NC
N-Acetyl glucosamine methoxime, tetrakis(trimethylsilyl)	NA	NA	NA	NA	6.088333	7.318000	0.831966794206067	-0.265402146797728	82.5	0.732860251427923	0.91112355582931	11.28	8.13	8.67	8.76	15.92	12.4	5.04	0	0	10.25	0	10.45	5.95	0	0	0	12.74	0	8.51	8.95	9.11	10.25	7.04	0	7.46	7.36	14.5	0	NC
N,N',o-Tris-(trimethylsilyl)lysine	NA	NA	NA	NA	2.796111	0.752000	3.71823271276596	1.89461706693489	114	0.174339576004041	0.468622435306135	6.17	4.98	0	0	0	0	7.43	0	0	0	8.25	8.07	0	0	7.77	7.66	0	0	4.61	0	0	0	0	0	0	0	2.91	0	NC
N,O-Bis-(trimethylsilyl)-N-methylleucine	NA	0.35297307271829	NA	0.111619886249804	6.950556	3.498000	1.98700857632933	0.990598099563472	154	0.0013981441899062	0.024117987275882	6.81	6.26	2.07	0	7.67	6.76	7.64	7.57	4	4.4	10.54	10.72	6.47	6.28	11.73	12.37	7.22	6.6	4.33	4.67	2.64	1.55	2.83	3.04	2.93	3.56	4.54	4.89	NC
Oleic acid, TMS	0.214775792150927	0.274183713217382	0.0506231396882109	0.086704503108934	138.490	112.169	1.23465485116209	0.304107791517849	126	0.0889447699516349	0.327316753422017	117.18	101.28	122.61	147.8	156.71	145.41	113.02	127.24	204.39	197.25	99.29	101.7	124.04	115.78	152.99	165.33	148.82	151.98	98.28	98.17	125.68	129.29	69.35	68.74	123.98	123.1	129.08	156.02	NC
Ornithine, 4TMS	0.125122320443598	0.090425097367153	0.0294916137544881	0.0285949265322698	388.7494	355.3960	1.09384855203773	0.129413004721806	124	0.10918311284444	0.376681739313318	409.45	415.25	342.51	351.45	348.73	356.16	346.7	341.53	369.29	360.74	521.72	520.01	393.78	398	382.94	395.56	373.54	370.13	410.85	402.26	365.56	353.53	349.9	348.25	307.55	315.23	353.83	347	NC
Palmitelaidic acid, trimethylsilyl ester	0.251764880625923	0.265608366529997	0.0593415514517373	0.0839927403831625	10.73056	 8.61100	1.24614562768552	0.317472675154087	129.5	0.061425679344827	0.29521285731812	10.02	10.24	9.16	12	17.04	11.01	6.99	6.95	7.84	16.86	9.61	8.83	9.21	10.42	11.59	11.58	13.92	9.88	7.61	9.08	9.92	11.42	8.07	7.61	6.48	9.88	11.22	4.82	NC
Palmitic acid, TMS	0.19949036563542	0.273752675487505	0.0470203301073964	0.0865681970105461	3187.708	2899.528	1.09938859014295	0.136701411748998	103	0.555432363212684	0.851662956926115	3042.75	2895.72	3468.43	3777.32	3056.02	3177.09	2393.94	2572.42	4771.08	4683.18	2599.96	2676.75	2642.1	2410.97	3253.07	3431.47	3124.45	3402.02	2524.74	2565.5	3808.52	3820.85	1743.54	1868.23	3472.18	3101.08	2871.43	3219.21	NC
Pentanoic acid, 2-oxo-, trimethylsilyl ester	NA	NA	NA	NA	2.210556	1.862000	1.18719441460795	0.247556209641799	113.5	0.264499121053449	0.589934004874582	0	0	0	0	2.64	3.47	2.99	3.46	2.75	2.59	3.47	4.88	2.51	2.77	2.86	3.84	0	1.56	2.79	2.57	2.53	2.6	3.14	2.52	0	0	0	2.47	NC
Pentanoic acid, 4-oxo-, trimethylsilyl ester	NA	NA	NA	NA	24.77944	29.90100	0.828716096451624	-0.271050150454444	74	0.457133498520529	0.776449961521732	17.59	24.9	16.93	22.86	75.62	15.04	18.19	22.53	17.24	30.63	30.9	36.65	30.97	22.94	0	0	38.99	24.05	20.88	26.08	31.85	28.77	38.62	0	37.2	21.31	12.54	81.76	NC
Pentitol, 3-desoxy-tetrakis-O-(trimethylsilyl)-	0.332518896511358	0.298222155633386	0.0783754555319496	0.0943061260526713	3.809444	4.032000	0.944802579365079	-0.0819151915069401	75.5	0.502003644810393	0.810251496886951	3.57	3.44	3.05	3.25	3.7	2.76	2.01	2.25	4	4.4	3.12	2.99	3.1	3.33	6.71	7.53	4.89	4.47	3.8	3.33	3.08	3.14	3.19	2.48	5.18	6.28	4.49	5.35	NC
Phenylalanine, 2TMS	0.108240204237585	0.125255889431327	0.025512460804471	0.0396093900953206	551.3622	491.0980	1.12271318555563	0.166989416050148	137	0.0238332224602247	0.164449234975551	583.69	588.37	443.22	451.22	635.65	635.97	563.72	546.05	516.8	502.16	608.08	598.95	500.96	510.99	586.57	606.98	524.63	520.51	612.18	600.19	445.85	435.73	463.37	465.2	434.74	451.67	507.22	494.83	NC
Phosphoenolpyruvic acid (3TMS)	NA	NA	NA	NA	119.7472	120.0930	0.997120564895539	-0.00416013904948274	80.5	0.666049582473237	0.872040754995849	116.18	93.84	0	127.43	15.21	12.13	157.91	161.39	73.11	139.77	122.08	132.93	12.18	199.35	238.39	240.02	156.95	156.58	159.95	171.79	16.29	187.07	0	15	147	87.88	210.72	205.23	NC
Phosphoric acid, 2-[bis(trimethylsilyl)amino]ethyl bis(trimethylsilyl) ester	NA	0.367675892311679	NA	0.11626932604397	26.44056	23.92500	1.10514357366771	0.144233808135332	109	0.381642461276328	0.703971446359848	26.53	25.9	12.85	17.7	19.37	0	25.44	31.4	28.68	37.22	28.5	18.27	35.63	21.92	36.24	47.07	29.68	33.53	17.04	21.21	31.17	29.28	16.4	12.64	27	15.65	33.48	35.38	NC
Phosphoric acid, 2-isothiocyanatoethyl bis(trimethylsilyl) ester	0.397555360832697	0.364365074477522	0.0937046971806216	0.115222353516585	83.44426	63.82267	1.30743919049454	0.386743847724911	98	0.723859816765995	0.904005925010926	67.0066666666667	63.3566666666667	39.7066666666667	59.2366666666667	180.683333333333	160.95	59.11	62.44	65.2	70.74	63.3033333333333	66.9833333333333	165.263333333333	71.8666666666667	68.1366666666667	92.74	73.77	71.5033333333333	52.1	64.2866666666667	72.5666666666667	93.2966666666667	30.4833333333333	34.3566666666667	63.85	73.78	73.6033333333333	79.9033333333333	NC
Phosphoric acid, bis(trimethylsilyl) 2-[(trimethylsilyl)oxy]ethyl ester	0.484720026122471	0.29705359208347	0.11424960581604	0.0939365938118329	202.1678	169.9270	1.1897332383906	0.250638129168629	119	0.174884459552652	0.468622435306135	121.29	122.49	53.61	78.33	218.95	242.21	222.66	224.71	143.09	223.62	293.3	263.96	275.12	271.53	240.66	312.13	198.06	133.3	192.96	218.16	216.99	266.42	127.16	121.47	106.31	146.2	144.67	158.93	NC
Phosphoric acid, bis(trimethylsilyl)monomethyl ester	0.343707779870551	0.390087832152201	0.0810127006310132	0.123356603711842	346.000	292.145	1.18434339112427	0.244087439788812	107	0.435657401332458	0.751509017298491	293.49	236.87	159.51	211.89	611.07	512.61	235.69	248.57	291.8	334.29	365.98	374.35	358.38	317.2	370.72	573.45	381.42	350.71	240.55	219.28	345.17	415.75	173.72	127.62	376.02	290.41	333.33	399.6	NC
Picolinic acid, trimethylsilyl ester	NA	NA	NA	NA	0.3505556	1.2450000	0.281570763052209	-1.82843055561882	58.5	0.0623594620102406	0.29521285731812	0	0	1.54	1.84	0	0	0	0	0	0	0	0	2.93	0	0	0	0	0	2.5	2.76	2.03	0	3.89	0	1.27	0	0	0	NC
Proline, 2TMS	0.121860023456908	0.121215985741436	0.0287226829806438	0.0383318603765433	561.7228	513.7750	1.09332450975622	0.128721671028626	137	0.0238332224602247	0.164449234975551	576.32	588.08	518.95	545.93	425.79	424.89	585.65	557.69	551.78	546.03	693.61	646.21	627.61	608.35	535.24	569.11	548.85	560.92	591.22	597.32	514.72	518.42	512.83	504.91	418.31	415.81	539.59	524.62	NC
Propanal, 2,3-bis[(trimethylsilyl)oxy]-, O-methyloxime, (S)-	NA	NA	NA	NA	41.85056	42.75400	0.978868877765823	-0.0308124751669903	85	0.826345450115048	0.953054894439476	0	27.73	75.08	66.08	66.6	31.51	38.28	31.96	0	0	69.11	70.58	74.82	38.4	70.87	92.29	0	0	74.49	0	67.09	35.71	0	102.06	72.64	75.55	0	0	NC
Propanedioic acid, [(trimethylsilyl)oxy]-, bis(trimethylsilyl) ester	NA	0.89436938645251	NA	0.282824433071727	17.57667	15.98767	1.09938909171881	0.136702069951973	100	0.654352360073184	0.872040754995849	1.83	0	6.02666666666667	8.04	6.67666666666667	5.83666666666667	27.24	24.55	31.7666666666667	34.8433333333333	22.3266666666667	23.78	32.1433333333333	34.5766666666667	2.16333333333333	8.05666666666667	23.95	22.5733333333333	6.35	18.8766666666667	5.99666666666667	3.03	33.2433333333333	21.6266666666667	4.97	6.29666666666667	29.9166666666667	29.57	NC
Propanedioic acid, dimethyl-, bis(trimethylsilyl) ester	0.142643019170342	0.159273511553985	0.0336212820480906	0.0503667067443737	79.37861	78.76700	1.00776479997969	0.0111589706864046	102	0.587620464966003	0.871952948014068	80.84	68.17	82.265	92.33	103.855	92.12	79.08	82.035	83.05	78.415	58.695	60.365	88.54	74.985	69.085	76.25	79.555	79.18	71.49	83.345	67.245	72.26	86.275	70.425	66.155	76.09	81.21	113.175	NC
Propanoic acid, 2,3-bis[(trimethylsilyl)oxy]-, trimethylsilyl ester	NA	NA	NA	NA	103.8944	 86.2080	1.20515961395694	0.269224232774282	101.5	0.597859041298783	0.872040754995849	120.46	107.09	130.04	155.44	164.49	116.28	77	89.69	92.76	90.48	97.89	78.61	100.97	101.8	92.28	114.89	139.93	0	128.09	0	14.7	133.41	102.29	68.18	79.24	98.25	115.86	122.06	NC
Pyrrole-2-carboxylic acid, N-trimethylsilyl-, trimethylsilyl ester	NA	0.216408798398954	NA	0.0684344708640895	15.71111	16.71200	0.940109502154141	-0.0890992859546525	99	0.683567669391796	0.872040754995849	14.62	8.44	0	13.32	15.45	14.65	22.86	16.7	21.78	19.99	15.8	20.71	20.89	19.85	0	16.51	22.29	18.94	15.86	17.77	13.64	12.19	26.1	18.72	18.15	15.04	13.4	16.25	NC
Serine, 3TMS	0.111366631340397	0.0888001373177661	0.0262493667395657	0.0280810690459856	500.9606	444.6440	1.12665548168872	0.17204642336709	139	0.0180557809848428	0.151011986418685	485.86	478.61	459.96	442.89	409.29	415.17	539.96	547.8	468.75	464.43	593.84	517.15	557.47	511.99	472.32	497.83	564.46	589.51	494.81	475.41	443.07	453.69	424.35	420.89	377.92	398.49	482.55	475.26	NC
Silanamine, 1,1,1-trimethyl-N-(1-methyl-2-phenylethyl)-N-(trimethylsilyl)-, (+/-)-	0.36139348229092	0.331030649462907	0.0851812606681766	0.104681082762758	12.67889	 6.40450	1.9796845967679	0.985270598524766	163	0.000173282095478892	0.00683226547888202	14.14	14.03	11.31	6.005	9.285	9.495	7.105	10.225	10.215	7.09	14.58	11.19	15.13	12.22	19.87	16.775	19.895	19.66	7.415	7.165	4.985	5.39	3.32	4.695	5.555	6.375	8.63	10.515	NC
Silanamine, N,N'-methanetetraylbis[1,1,1-trimethyl-	1.07793113659575	1.02211652129603	0.254070805446325	0.323221624138344	3454.203	2152.251	1.60492572659973	0.682506533269288	118	0.190866799104785	0.501707014789721	5858.81	5127.875	187.08	298.21	3409.71	869.83	6531.025	682.665	2537.75	3839.38	9241.64	7418.44	2694	1869.56	1888.82	2978.4	2626.35	4116.115	5038.76	5626.755	444.94	1225.705	698.81	272.165	1288.63	2123.78	969.28	3833.69	NC
Silane, (1,1-dimethylethoxy)trimethyl-	0.132894563668494	0.0869912615269426	0.0313235490509398	0.0275090522956516	102.64	100.28	1.02353410450738	0.0335591742557442	104	0.524106557058502	0.836146877156917	91.9	78.12	78.31	95.72	112.58	110.66	132.11	106.53	90.14	98.24	105.98	94.54	116.51	109.19	103.31	109.73	111.17	102.78	100.49	99.68	95.12	104.26	117.85	84.92	100.78	92.87	99.81	107.02	NC
Silane, (2-methoxyethoxy)trimethyl-	0.412463578282057	0.461721610062386	0.0972185977319037	0.146009193271726	79.275	71.651	1.10640465590152	0.145879132671092	99	0.688785813728605	0.872040754995849	50.81	46.82	44.21	49.1	86.45	115.51	68.72	87.02	32.52	40	98.57	98.17	110.41	99.48	84.82	98.67	114.3	101.37	51.83	46.94	42.54	31.24	74.76	53.76	71.69	98.77	116.66	128.32	NC
Silane, (dodecyloxy)trimethyl-	NA	0.360129072193195	NA	0.113882811977371	7.763333	7.801000	0.995171516472247	-0.00698290125195338	92	0.942658141813202	0.992002945964773	8.6	5.6	0	7.78	6.74	6.46	9.39	8.15	9.12	9.61	8.15	11.8	8.98	8.72	10.08	8.92	5.78	5.86	5.61	4.72	10.28	11.32	10.27	10.46	4.49	5.32	7.23	8.31	NC
Silane, [(2-ethylhexyl)oxy]trimethyl-	NA	NA	NA	NA	 6.031111	11.340000	0.531844003527337	-0.910924947544446	50	0.0541336256387591	0.276682975486991	0	12.23	13.6	0	5.03	0	5.5	4.25	14.99	11.76	0	5.45	0	0	0	0	17.72	18.03	3.27	6.95	14.2	12.39	15.25	14.12	11.25	19.43	0	16.54	NC
Silane, [1,2-phenylenebis(oxy)]bis[trimethyl-	0.353148946435622	NA	0.083238004931171	NA	6.433889	6.290000	1.02287583465819	0.0326310291548311	101	0.614609006417322	0.872040754995849	5.17	4.34	14.56	4.55	4.99	4.26	4.22	6.51	3.92	4.32	8.13	7.24	8.63	9.82	5.42	7.37	6.44	5.92	0	3.33	4.06	5.51	14.38	12.9	11.48	0	5.44	5.8	NC
Silane, [1,2,3-benzenetriyltris(oxy)]tris[trimethyl-	0.344508105657541	0.194764407122421	0.0812013392280596	0.0615899133639172	3.316667	4.251000	0.780208656786638	-0.358068089047489	47	0.041522245860265	0.238752913696524	2.66	2.17	1.41	2.97	4.92	4.51	3.33	3.86	4.18	4.25	2.52	4.46	3.54	3.24	1.86	4.54	2.62	2.66	4.26	3.92	3.49	4.34	6.05	4.48	5.13	3.15	3.43	4.26	NC
Silane, trimethyl(3-phenylpropoxy)-	0.0945855157028163	0.0949860575881915	0.0222940198518294	0.0300372287938605	49.15833	46.09600	1.06643374696286	0.0927943398958809	120	0.159891062408225	0.459686804423647	47.94	40.67	45.27	55.76	49.27	43.76	54.87	49.17	44.65	48.82	46.43	45.6	50.54	50.16	46.49	51.72	56.51	57.22	49.86	48.23	38.52	42.2	50.32	42.46	45.17	52.5	44.69	47.01	NC
Silane, trimethyl(octadecyloxy)-	0.282887337412602	0.120257484034762	0.0666771848654193	0.0380287555231184	27.17778	20.69200	1.31344384303112	0.393354518619653	138	0.020778915973424	0.163856594533286	19.04	19.29	18.48	22.55	24.7	22.23	20.63	23.21	27.67	28.57	25.67	30.94	36.14	35.09	42.27	49.11	21.91	21.7	19.34	20.46	21.52	24.05	22.47	20.02	16.07	18.77	20.37	23.85	NC
Silane, trimethyl[2-methylene-1-(4-pentenyl)cyclopropyl]-	NA	NA	NA	NA	6.285	2.952	2.12906504065041	1.09022002324748	156	0.00163523192353573	0.0265484712291683	6.17	5.98	0	0	4.62	4.41	5.71	5.09	6.53	6.9	12.54	12.38	7.46	8.13	6.84	7.07	7.37	5.93	4.69	4.69	0	0	4.92	4.06	0	2.71	4.48	3.97	UP
Silane, trimethyloctadecyl-	0.227278801739728	NA	0.0535701273100381	NA	90.51889	64.01600	1.4140041552112	0.499786359676155	131	0.052125947116867	0.271448328382175	80.01	84.57	75.37	80.91	105.41	133.5	88.04	58.99	55.17	104.4	78.19	96.32	82.03	110.12	106.03	109.18	106.63	74.47	76.29	77.97	90.26	98.24	0	52.54	0	76.15	81.32	87.39	NC
Silane, trimethylphenoxy-	NA	NA	NA	NA	2.224444	4.193000	0.530513713331743	-0.914538050816133	86.5	0.856869104044337	0.965289276392804	5.47	4.51	0	0	0	0	0	4.36	0	0	0	0	0	0	0	0	8.31	17.39	3.32	0	0	0	0	0	0	0	13.51	25.1	NC
Stearic acid, TMS	0.161195715658253	0.316447903020299	0.0379941945467231	0.100069613432822	1793.305	1747.111	1.02644022045537	0.037649607803128	96	0.795635485795669	0.940978062867525	1514.22	1583.48	1898.03	2193.23	1868.35	2139.83	1447.79	1677.28	2325.23	2258.7	1601.1	1879.24	1378.51	1430.87	1727.82	1960.71	1643.28	1751.82	1501.11	1444.09	2419.98	2467.11	1022.67	1063.11	2321.31	1700.03	1587.44	1944.26	NC
Threonine, 3TMS	0.168881524925531	0.125207512360912	0.0398057571639894	0.039594091922417	602.8761	539.1090	1.11828238816269	0.161284542885357	122	0.132742467296243	0.421114034181185	574.82	579.83	467.52	470.97	475.12	482.02	610.53	571.84	558.25	549.66	830.94	689.52	618.21	585.21	617.77	655.66	738.59	775.31	560.49	543.44	472.49	483.44	510.45	515.65	472.15	508.44	667.95	656.59	NC
Tocopherol-alpha-tms-derivative (high mass adjustment=0 %)	0.59362493665009	0.622380313622951	0.139918739395571	0.196813936189845	7.428333	8.412000	0.883063837375178	-0.179410359691312	81	0.688785813728605	0.872040754995849	3.6	3.51	16.96	19.87	10.82	9.05	3.78	4.28	8.01	7.47	2.42	2.43	5.49	5.23	8.47	9.23	6.35	6.74	3.57	3.05	17.81	17.84	4.73	4.5	9.47	10.06	6	7.09	NC
trans-3-Hexenedioic acid, bis(trimethylsilyl) ester	NA	NA	NA	NA	3.427778	1.609000	2.13037787445618	1.09110935028804	111	0.251536691334356	0.573753114118034	0	0	7.23	6.05	0	0	10.73	0	4.7	10.82	0	0	9.03	8.89	0	0	0	4.25	0	0	6.49	0	9.6	0	0	0	0	0	NC
Tricarballylic acid, tris(trimethylsilyl) ester	NA	0.0996325316490313	NA	0.0315065729059751	1109.695	1044.360	1.06255984526409	0.0875440986943956	129	0.0641767081126349	0.29521285731812	1192.63	1008.52	868.79	1095.93	1656.9	1427.26	1248.5	1310.99	1153.95	1242.96	1038.1	0	1159.77	1121.39	998.29	1139.9	1183.25	1127.38	1035.61	1023.66	1001.21	994.18	957.61	914.25	964.95	1134.39	1152.21	1265.53	NC
Triethylamine, 2-chloro-2'-(trimethyl)silyloxy-	0.400902257771435	0.678112313702577	0.094493568354393	0.214437942070675	3.909444	6.716500	0.582065659197499	-0.780746191142663	56	0.108181244013119	0.376681739313318	5.77	5.525	1.8	6.735	2.905	2.465	3.105	3.115	7.095	7.205	2.69	2.97	3.255	3.255	2.95	3.65	3.175	2.705	3.02	3.085	8.89	13.21	1.95	5.75	7.325	8.03	2.91	12.995	NC
Trimethyl(2,6 ditert.-butylphenoxy)silane	NA	0.380145226804633	NA	0.120212475834393	4.872222	5.795000	0.84076307161346	-0.25022879091806	64	0.225868258362538	0.546838941298775	5.61	4.49	6.3	7.34	4.9	4.55	2.8	3.65	8.06	7.8	3.1	0	3.18	4.97	4.46	5.55	5.01	5.93	3.12	2.64	7.4	8.49	7.07	5.9	4.68	5.94	5.63	7.08	NC
Trimethyl(4-tert.-butylphenoxy)silane	0.0709011596654896	0.0807197520741058	0.0167115635978193	0.0255258268718275	271.7272	260.6110	1.04265437759726	0.0602610079433177	121	0.145849726170092	0.442357411241159	260.38	227.03	249.5	291.93	291.89	266.78	273.82	283.22	266.21	274.8	244.42	270.37	292.51	273.71	276.19	301.07	285.31	261.95	244.76	250.11	251.66	265.13	268.36	243.73	229.22	272.92	275.34	304.88	NC
Trimethylsiloxy(trimethylsilyl)proline	0.266729766502159	0.250357921294734	0.062868808879327	0.0791701261556531	41.30778	31.69200	1.30341347974252	0.382294820319462	137	0.0238332224602247	0.164449234975551	37.16	33.19	30.85	40.02	30.45	25.22	30.3	29.64	36.51	38.41	42.29	44.7	65.41	62.2	44.74	51.19	51.93	49.33	26.39	27.13	28.26	30.97	42.8	35.59	20.96	23.48	37.1	44.24	NC
Trimethylsilyl ether of glycerol	NA	0.426526093379375	NA	0.134879393657249	3958.297	2565.013	1.5431878902758	0.625913727408676	140	0.0176123707481	0.151011986418685	5411.63	4087.45	5893.5	5734.71	4633.08	4107.79	4705.04	4956.89	5341.98	2108.62	0	0	3929.94	3358.48	5311.47	6723.69	2441.17	2503.9	1920.87	1966.37	3611.01	3479.38	1323.86	1078.6	2975.99	3304.5	2855.55	3134	NC
Tris(trimethylsilyl)borate	0.533272906514097	0.409926110732725	0.125693629473059	0.129630018228981	26.13	16.99	1.53796350794585	0.6210212721358	139	0.0180557809848428	0.151011986418685	26.71	19.02	5.83	8.43	27.32	20.06	41.64	31.74	30.6	38.96	40.79	34.36	14.18	19.94	36.63	26.95	26.99	20.19	30.41	26.67	8.9	10.81	15.34	11.17	12.07	14.04	18.99	21.5	NC
Tryptophan, bis(trimethylsilyl)-	0.997994890251792	0.151297462303068	0.235229651495522	0.0478444585081158	136.5311	145.6570	0.937346643141078	-0.0933454206877007	97	0.759493900454999	0.923437517733831	195.225	9.79	137.395	5.64	151.575	137.96	144.66	151.59	89.155	91.86	145.43	154.165	165.595	150.455	159.11	176.45	203.68	187.825	158.16	168.89	119.735	122	132.88	122.31	135.64	150.855	164.62	181.48	NC
Tyrosine, 3TMS	0.220089554980052	0.125370877476229	0.0518756055982414	0.0396457525078785	544.810	477.839	1.1401539012094	0.189228576605477	132	0.0452208356098516	0.25471327812896	575.02	593.65	409.92	421.06	328.02	350.33	548.7	552.72	534.9	531.72	677.85	684.2	521.19	529.16	675.62	695.72	582.65	594.15	557.36	546.31	412.89	421.21	410.03	411.68	481.41	490.68	527.01	519.81	NC
Tyrosine, O-trimethylsilyl-, trimethylsilyl ester	0.177725536432355	0.188448959056111	0.0418903106671118	0.0595927933305126	161.100	150.923	1.06743173671342	0.0941438110598161	109	0.381642461276328	0.703971446359848	179.81	149.87	146.73	175.65	142.27	126.49	125.3	140.43	148.03	152.73	144.64	158.98	139.67	134.38	190.93	212.07	221	210.82	144.88	141.8	137.3	137.46	123.26	106.82	179	194.09	158.68	185.94	NC
Urea tri-TMS	NA	NA	NA	NA	30.98139	16.96400	1.82630216929969	0.868925484973992	119	0.17120439789445	0.468622435306135	61.88	59.335	0	0	34.785	11.47	63.49	5.43	32.975	32.535	65.935	64.185	6.895	7.01	24.545	17.415	27.005	42.775	43.115	45.55	0	0	7.075	8.34	5.8	10.105	26.61	23.045	NC
Urea, N,N'-bis(trimethylsilyl)-	1.01503149095564	1.18490688451011	0.239245216790874	0.374700457026603	6998.808	6132.342	1.14129446792107	0.190671072607649	104	0.524106557058502	0.836146877156917	12749.554	9545.818	570.872	930.03	5737.556	5800.898	8079.588	10255.982	9987.14	9734.57	9912.392	9648.986	5506.342	2289.544	6347.822	7329.94	579.45	10972.06	11228.064	11376.92	2402.784	3229.082	5612.658	4587.944	6026.618	7285.024	204.608	9369.718	NC
Valine, 2TMS	0.194174071546976	0.150063011517348	0.045767267573823	0.04745409089389	298.2167	254.1475	1.17340009246599	0.230695010808825	127	0.0799789074388617	0.327316753422017	286.12	305.2	241.88	258.665	222.195	223.815	391.015	357.81	321.4	289.575	401.205	375.565	246.69	331.905	227.58	251.995	313.64	321.645	244.535	223.23	248.78	256.45	264.24	264.035	200.08	211.63	322.32	306.175	NC
Xylitol, 1,2,3,4,5-pentakis-O-(trimethylsilyl)-	1.2991376308784	1.44504399317775	0.306209676162914	0.45696303375865	1068.757	 890.518	1.20015204633708	0.263217191334503	100	0.654352360073184	0.872040754995849	99.245	305.115	85.815	129.155	16551.95	605.795	63.24	64.715	112.25	104.945	108.16	111.905	83.245	82.86	111.4	394.57	112.985	110.285	7782.735	105.245	80.915	115.33	383.145	65.065	69.005	86.435	105.46	111.845	NC
